10058227421842172915
10074254387660201039
10080106921884778506
10084975165337258350
10133386855386851236
10135742062966547218
10152347532854818222
10192141356750808197
10204397867024914135
10204785202689780601
10238163567383249418
10278350274646308530
10305414988404804189
10330378862652614991
10345948953668442560
10393880114170709995
10438702524591814828
10495691019772226887
10519659534789095929
10549898016824715003
10581307140722006596
10610809717473011209
10671385890169967394
10675276970100684515
10685902251844749545
10807423364676800006
10810282196760790626
10861103663453456932
10885985113753414807
10911889407963362422
10919421887236634769
10939445648884955954
10943512112511029192
10959387111024678549
10984514123372335358
10989195439261834164
11007640556188975360
11069395204892739295
11154330055552872073
11185724793315584535
11203554986087384416
11237921964326683945
11244364409340879598
11272092753478258661
11292632086153567828
11312937466747756195
11364494471101859876
11369690442507266918
11371400754746579441
11412078676641678324
11413176185461328943
11423411709216106562
11455242598471881699
11455846889916788352
11488288164561202328
11500803681993755305
11610742858498436644
11642501643832945202
11649462978089376586
11672233974952797458
11687824528186873960
11699652108977705456
11716706625055119986
11796468062945705689
11812915055599918127
11837791937240535964
11856707324272972150
11861688908307411380
11899370325654161358
11900245485665948959
11934191830321403623
11975056084605968935
11984198619436112583
11985231007129714762
12100924607501860878
12113582752909836345
12119405431495838953
12121507878610784578
12139788669984214325
12146502708578710300
12161011415005732345
12185296655746220755
12188240271506121828
12195753531411252756
12201307588002080357
12269794450925482596
12345245481674243091
12348717574745547463
12413972272848651429
12481854731350896504
12482593440074798625
12526132566580628335
12642893289088889981
12644922559366139954
12681202233556156695
12686620525239683312
12697658108750534072
12699218265683959835
12748444711876284147
12818615975144073788
12833557873844423022
12843356171025404500
12874031056479085261
12875175649410074276
12892673422911262414
12907731314699775206
12940634168667882138
12958944393605457881
12980750963576414165
12985469615370106719
13113880763864132741
13129024818390217868
13139183369597126996
13172901640707299322
13189956866905550915
13195250022655281029
13237442844365722981
13239072261787174305
13312087774187281657
13314222686560904425
13316003290073644229
13322384566026710144
13367406039182334070
13372139557893510184
13445918728464548038
13490915823332894918
13493861610137163692
13506974622637134473
13588350931058056606
13628697561373976804
13715018449114690295
13746844995471164522
13755937768037424620
13764969781341314661
13769286722014544306
13779372531547333963
13791947126930282901
13795418221599673321
13836187416346913201
13845949004341691669
13846116207070327019
13927886544855243209
13937493047971845726
13938290076352189738
13999832084384195764
14004784051876656260
14060564666503262407
14091950017073119088
14123559944674425939
14125842420726341876
14148188289781522534
14195153927325372449
14212157390044198329
14242649309405151336
14260992758900847591
14285776369701179853
14302835330947647339
14337493599075485228
14352683828388723629
14381419404174414748
14458776481432953520
14485917003471286788
14488753130355913840
14550840133087881480
14627680746013064781
14730816025030048594
14796629323987526680
14816584968345149471
14913295125457058882
14957225135671281524
15063683488890525004
15066924674755604933
15092660285022214765
15131228260904609156
15134802418451498166
15143032101614407458
15143916387534029131
15162837925358102347
15175928536481012734
15219369071539928097
15235543982327911964
15322920788265017162
15326755842801072324
15404167044599202512
15409638898349042014
15423351642872653366
15496065676889667545
15640934382505804463
15714646796759195992
15755004433698291593
15793894554842106184
15817382095485874411
15835967245336555065
15890419321255708877
15902358852898165866
15909431851414545334
15969543051954956177
15982483732485469076
16017105568181355209
16102054495282737150
16168235342961422443
16172710861050837544
16201984093323337472
16208835213597141136
16222689864958669273
16254419721631387679
16311107192624573716
16311934513052709893
16318393126053318960
16355607741790500171
16368006116353045234
16454959142194465137
16455971964354899108
16472613968852669147
16550981217178699819
16559060866464012810
16618656481449437541
16685033071152252004
16757318480701973359
16781289276992493605
16795963481261806907
16807359509771902980
16837389254013302577
16917785576069805027
16955050979592055407
16959246408868755025
16989973983744655027
17007841342990583022
17010840967616638654
17012864979731803244
17023626250035786892
17027122482589205608
17224531096718931912
17291245026998699326
17303294985576289308
17321492274971770715
17322087009535447429
17336182474279024163
17520992895222350610
17546833487376302496
17569669210549609312
17581705287384385090
17689142172664291611
17719985399049438592
17748656645058663507
17767188050162893527
17768259482943154489
17795886473109204257
17830522077903137270
17861951572884228590
17898769837925401548
17949737164482468344
17953673083072186807
17957968554192013448
17958823787740799374
17976225428518659206
17992256928406567375
18023761096325132207
18041388236900969089
18042991155020741572
18074747479151135718
18122803245376058117
18172766492340696662
18180990629763732012
18215603648975774196
18215657570349612058
18238546869911263128
18280765389328975376
18304797808410348797
18399938731766550497
18415768027294789826
18424779811221112041
18436897095685238135
18453385080161800667
18467590697654039046
18532027592158506559
18543850330959315186
18551597040369976807
18570226678287804379
18638737610262081014
18651671307722351206
18654308894363121396
18725909719590324236
18766908919431725880
18807433134775137307
18816752373628671577
18820664341020063832
18888066175879129894
18907752564317809332
18928568578802684445
18929117141678714364
18958217568352447846
18960020371199970688
19097629928848109574
19112091951145281036
19123476107534418052
19126327403694829820
19150820563914687261
19162361076400389583
19172212169912215845
19211191988789136150
19235395391420617011
19259934990324934369
19319142998446315404
19329256340844882896
19399365286425685792
19407879773345105668
19470398064375800653
19489282818673690204
19499884574950527641
19536513781719737656
19562357847194137735
19623152430193297385
19624496706622904181
19759110843983305045
19792529926057827586
19836061922465590046
19845652879189620567
19864732027031804202
19883585709954092436
19889823274157858387
19914547202079289280
19930136428315662989
19999675239225092181
20013053214885030872
20029399523750749423
20056695131905693816
20073210398392879588
20099952648822274240
20150028817899570154
20178342848913351299
20191883595280892548
20225858804157977187
20242688760814906032
20279998692367399623
20326603084001427177
20414936011048909458
20419160030418736201
20446504561729958885
20520362791462452287
20536535311642087775
20556379336554974045
20590008687643069039
20593112651826264170
20627097388878936196
20637064768651752941
20685376459667669637
20730944884963599452
20747947003351189232
20787773151660388874
20798707745451401877
20804869399537888949
20833277785662925949
20839553893867431412
20852825558019981563
20870211933390565714
20891142877536499541
20906425148378051273
20910355303188536986
20958879595931146189
20998419451047338457
21007612993467006225
21025988044114504209
21032996671192430852
21063560148344771622
21080416216298862123
21086118168491105671
21183612233633744110
21207249437097365008
21310958447374287078
21314646773155254881
21315225569699849710
21324465254314685376
21332546874055541632
21338545509332643280
21347067228877606032
21406305222117406567
21448923757356607863
21509682003902755265
21534054334362477917
21554269626875840217
21559390114875211010
21603703541212514567
21607330199477406378
21648548617725969372
21676414017038304863
21733280157178493684
21735918225621346717
21771556493325774466
21806058740366210706
21812752826878950356
21833426902473841969
21835589759997106673
21840053208208043918
21856398257370993868
21898457367779505928
21921180557394737278
21947242373142353611
21947455945474365270
21978347678788371866
21980397574868852938
21996694828174268922
22027928634980893157
22077141090534902962
22104091117665709297
22156076476201394090
22162696482233425903
22194527132119446781
22198422281940573956
22221375417441788487
22229363815971295493
22229975252557259120
22299319784627691042
22309721367784924140
22382676890686520120
22412147652106840768
22441239842184019474
22454266865435645249
22462785962638969711
22466187400634540151
22472906859651572873
22496848670413584971
22571675419238606966
22632796850409480182
22709274878217824566
22775248077513770058
22787216278322215102
22816395641274432965
22824768371110419459
22856525812679138364
22929560083404418536
22942768327889624550
22956950927426699053
22980711594657418184
22999579402905976061
22999990744537569416
23001188148736077855
23001526646814721658
23032929378494039493
23038206677161145759
23094124780530910954
23113037698877489604
23152866690498271724
23154695815064924666
23165926437594414426
23168895599330258856
23372077735072926840
23443648738552207889
23623087486335835288
23634935751954062959
23655542366466534096
23700719123311429377
23831663068178904545
23842974278436211675
23904187199928807703
23935167057042373995
23966592885278355637
24030219967720165030
24093667300109872852
24097093005683860039
24139897728739959956
24150317441021062250
24170029027398533356
24186413794976962634
24233786155126953150
24270789915752116061
24272976593406381682
24301090770018605164
24308075404183420155
24346726601696107853
24349334950877414531
24376055497897311998
24403037543533369214
24426100748475256094
24455716823702844129
24500723848734052022
24539840576535479388
24563524744122033996
24570963118974309338
24576121037689555044
24740770881204410083
24741472363431815046
24741500665794646865
24769724835570947866
24800439086537359602
24811853610358745592
24852410644136432587
24892958580148505752
24908872895173134693
24927404662160097266
24946129270360476533
25018077241341297366
25018145111797332602
25044995923746914166
25060003801431288281
25109759469563543621
25117912006670609975
25192133749699841147
25230264041261920853
25308906494604954478
25330539551546785161
25337849793142041510
25380032514878681152
25441486732790061337
25483565799013647396
25487705857800602587
25498539919302780974
25499213903785747687
25514901733901702953
25520873232224185488
25535901177539605597
25546021248581808953
25547862792613923523
25595810078286481057
25603588918108362418
25604499548881244601
25626851659211905607
25666196439504268199
25671691433681350591
25689825824474003978
25751120944326368459
25772349401612563865
25837541879842535558
25852808576810113189
25859201536318968543
25990987565558007162
26017409658603023628
26058354324806678540
26074483323865159684
26081602224029624778
26094295057106684325
26112054389919599554
26155503382607213655
26196498920646822305
26223910656308023538
26258986957050771582
26275257630479149661
26293492144140857182
26391443184642440124
26412338167835369914
26459197834857992941
26485524662349209886
26500563741835769713
26504291275984142196
26523343853590730957
26524153555959785520
26558119414470963564
26575862178246332647
26582198563314036377
26640826792107322649
26642655082279996005
26650178445969039524
26734377761317224150
26740727632857140641
26759394469211353643
26763753448499328333
26777361820418312078
26778782413121836484
26801505307295309030
26827154731936872313
26828798393739396198
26835460796130919752
26838185627570680480
26849300573727170061
26912237208661501631
26932165422317113191
27031458579516842181
27058744054510923039
27059452614202652705
27074987565460524610
27090446131957731486
27112522398135558971
27124125097212482560
27132662534553555589
27174381432305689564
27196936422249009482
27197607349404108265
27197982034079883198
27219803030625616788
27239277673640276787
27242153248934498720
27360291741619435661
27391434283427024095
27430230473134192927
27469472982875938270
27489879011453199289
27544077685230657114
27559016749488487905
27588314667264321626
27602309998916556942
27607146180248826841
27631203173641522821
27734909744623169365
27735918823422707176
27760403339487970980
27798001284654521451
27798248411182031259
27811691263107941071
27843340133781911497
27844298581386295274
27853606789881581846
27936842108070923818
27941164759548387593
27946424583486713377
27957027825774228134
27980969660672122326
28004608180388345992
28085431622810276724
28100116327013746590
28120059479391521281
28176301507616959699
28209733940095657251
28222366512346589690
28240118431097383269
28271018800087429154
28276127651801746244
28293024188334968875
28318020756761839137
28328636174064437973
28351314010312785579
28358873478133633891
28360320523419777163
28423286834840053715
28441025975044296183
28494011957138522647
28495899926507068007
28505863349383645396
28553375418849173894
28567985457511087460
28652824673010943652
28671389311826413681
28682004470890599375
28710611469467617050
28757664228656689834
28764103259445288571
28780764440405101504
28824161319461096402
28827212943655771760
28827619476764297753
28901500374042436475
28905866963463340892
28914363305432312226
29014453892902902286
29061453232365482177
29068281737892832812
29071113681967361020
29118213706324971765
29140423682966111115
29158434295757331496
29247800208738026881
29261690856845991259
29277043013257872399
29352541700221824417
29419635598976919548
29439951350978082419
29502838758900144993
29537884219134916731
29545692176260420017
29550309411034810026
29589960781879786239
29590408106760039184
29592270865674369064
29656126218704488050
29683946952198410992
29752527723740837662
29764952053338489550
29802688340713441515
29855032399490373970
29860055366914639107
29870328443493497102
29883692881638126952
29933793386778825277
29950285937435702885
30031983270267790379
30053006559534281838
30069422403977343711
30071026009482165655
30093972570938328813
30118751074340018689
30149872552872038242
30238321916205198594
30300389498823360600
30308226286731384827
30314883537611916283
30344209495184432556
30350010867425992484
30367347147277529668
30377240441083810637
30385905836471881406
30397190928469228485
30402798025557646582
30453449912292099844
30466934231143953596
30539195069991133726
30560948784249048379
30565860404704621979
30600573868413554850
30604219362201051987
30620009579356039910
30665707746040614910
30676646967455514359
30686614470771012060
30718954043750148338
30721713032011586063
30773483114183801356
30800313693824605922
30843145602982225583
30851197034285294100
30865192734754453021
30865317436436281705
30966044716788056533
30994419918590262422
31000197397252088953
31062767048802659902
31106489485615276237
31114102194584575339
31128689466002003386
31132176870500901174
31191655050776975058
31205210442115149835
31216027867079790890
31237258453692551357
31251633940254039043
31253811275847391051
31304670236489552261
31315578952828069505
31328921029261392145
31344294179815011696
31359099384901676266
31359596468149127137
31425119602894523905
31441757408516368328
31455670465761125061
31470486018368000103
31483716298480268707
31486530910612385616
31519727220533513551
31547618089382905240
31584892803673444210
31593654795914260488
31621788770939714778
31658040934092630942
31686052354251809606
31700435173607050084
31728948458720012709
31732268989536016673
31768101347478433311
31833250809643403001
31857753074892085936
31896214491076479597
31900306624428601078
31902106650414143417
31904192131207226531
31931530630480269027
31959215343030192141
31966094221982139662
31969239223374746466
31974229367329157389
32007546030962894199
32138832669362153796
32152687889099784300
32160970932610006236
32251671466421186441
32255067977106993654
32286555162701458830
32314499297279359711
32322067708813571653
32352159495750093188
32352981274278781155
32406178850642145712
32416190439881671789
32467003112776001860
32504056260394380763
32505231864305029729
32539812897054192978
32603329057884570345
32694458132145581464
32732633244614226857
32732762193020697531
32739834431954102949
32758541897950927930
32874826665256973147
32890374780038881014
32895111886682769293
32916110807927549110
33020794752010992762
33082519236915046348
33099202012923884340
33160517677538354320
33196684413388357019
33207992710871722933
33208423703062231509
33297220870191945884
33324386477712842496
33330317079401811432
33374408002181362383
33386829771084025595
33424978973952065004
33440419080153429985
33493484607725785452
33597354255997153818
33655934802006915559
33702253357975975099
33715537080812241925
33740840125106594528
33764790169735769159
33842585318542262844
33919244972272798259
33942807611451826557
33963784811547524348
34012239549988348765
34049231761704012968
34067491053077344957
34074657844514473040
34082782161779628237
34102437588835322696
34142444844210849587
34143041338414598417
34178819525153281875
34181268424021242662
34200251244405351812
34219958650284500089
34220459253044880724
34257694261890193765
34346974599163232741
34366533988871948429
34370238661620369127
34380032641319364697
34423483055117561103
34446831713728347037
34452860701719890409
34480751965816067828
34494563200733771233
34534553687180532315
34567233519499937620
34575268372042251117
34579859547602166397
34636460775208387463
34648717675949370858
34651321193166442237
34652560520081874511
34669182038732529307
34689904028160484807
34732979226251097682
34762283436776439536
34784483621184037433
34789510275146007774
34790673154492467376
34809568487955531498
34829627913093081978
34838893293796144892
34854245320903399837
34856003139777780774
34886010387283814172
34890882106737207961
34980335290093440873
35068283255089480415
35091966885462919273
35095550283701632686
35139598421252722938
35157202260670190025
35202759223029289605
35381288227729516542
35383593324574409590
35406599323733196850
35419311932708638285
35425098410847143357
35427689836806958370
35428023929277535359
35496260809467266931
35656046051175467337
35659608564323145743
35667991522364492156
35698189369104715802
35732888588462052367
35749604778667055346
35810261884100461121
35810987305133935406
35819962456205405866
35943819219920361219
35963701468876395899
35963725318627293306
35995496001962402705
36089631339270656193
36139846827206286353
36165300621772252453
36248238332935349496
36259019148431232882
36295650073546134196
36430537924605411796
36475313773584846952
36582843531227514275
36612302634867242229
36619365384297793125
36625710634327913638
36677036399613186551
36704176308596511737
36743599346293796398
36753386045886372774
36768025599209587815
36845426354702267060
36853438735753766922
36864133371652107634
36872593780238897331
36882533956235521798
36908042882870803237
36926503862243747228
36982377792420911481
37003352590733339102
37035974904426024828
37042461148262439637
37067344423787816640
37107628971242894969
37173049165509443696
37233009788796135429
37276085774597744964
37280225401757356736
37285039757994033968
37306054395438399956
37344410935701809528
37345393068274437458
37350285084942953548
37398282224656314165
37406060824545519802
37448209653934479461
37490575426651206397
37557945699357124283
37590634298637418862
37599625990437914637
37604560295037946384
37621525657837027529
37635977582981779626
37644733461530510879
37676090483912612287
37802461227099368992
37802730641650077900
37809630764500457585
37821031041780144287
37889747294086798423
37894732394690340887
37900012438535947103
37907479563669454087
37951030199555624715
37957716352350571531
37994450265660999544
38005147946011490684
38059331813162449647
38059845732093989219
38161990245462563354
38197907776032063852
38203651887877289708
38217702402803713494
38229046008183792034
38304369169903201575
38319584988935476739
38354088936611966105
38358590462175591376
38392222232491311695
38395136113209904775
38429762013544091696
38432896155977386131
38438774942929939094
38468498308016738349
38520908059186390272
38526073362518598866
38533688632837393783
38579169263793329889
38624217899950197352
38644923317577250728
38651970259196092942
38698371798671731130
38726400979256786758
38732920112688857303
38734590454293284749
38738551382844713140
38759469990364054728
38761700724621622875
38779987796671122029
38818829541243091999
38885945206447551804
38887649749277936801
38906433882420082397
38910104166253445875
38928886366679783529
38931801676155911303
38936461261270406613
38951376262967407814
38969997454866310354
39048232253963884442
39134889586665268679
39145171344882163462
39153168271596669911
39184205386058063310
39220511547783967952
39251355831660652775
39264879343471465483
39348552097589841238
39430777643056280826
39474189164670922423
39483328959140940169
39544243986313606066
39551541023207830961
39558620675667781338
39584142078408603231
39607036097699690996
39610095553730545672
39614648429896861567
39652820712519912727
39668460649721588319
39686048766284714969
39711731257084249254
39763669436649247253
39792389916402145001
39813941112375660754
39835231013517172478
39851375526488086499
39872770266134791137
39877839267644676767
39886868497766271608
39908308837874553764
39915503809839572885
39945177182636882554
39989783215175327712
40042371415174053091
40043953208711151615
40046959223590462397
40052912799924990290
40143190231070372835
40147494034414079575
40171225069834668625
40231700231605320900
40243142013922768513
40247726777302456254
40287698542863096110
40311142256298401006
40346480927969433944
40368401593975053983
40369942154650251077
40462459252904419597
40517534654454800221
40528258456568298169
40528500156737430391
40531083074895876527
40599556687917949336
40625645996019331435
40680268829385265139
40688465644317202071
40692066697496256597
40716638316268634133
40733615099979817032
40760516203927402579
40831094959657769041
40893249012221389586
40898926793867524478
40916475144988727308
40948804075411929080
40976328703292424909
40990988300422353694
41014636009523059564
41028129066690564074
41039736750668295739
41054533901700240658
41081400860435995304
41105132943108624901
41122583665903295714
41133195439971624290
41137873595484539083
41172141418806144169
41248771502279883309
41264130100615781554
41288919428632516829
41296272115946622616
41307815187162185079
41310641081724686444
41327140806889341875
41337951729450431321
41338124020996421786
41383063921142642363
41399629221339184133
41421197649751790157
41433965693226420066
41470610243195094238
41524154414532002934
41577760569495304929
41600931620535122432
41624840299719139836
41683754501925043208
41709756535802566568
41727647547828240209
41734621095784922982
41788052649306442094
41800691224228605473
41832732725819131082
41858057664274076620
41871800309088371588
41875572771389240570
41928276705545443888
41930659224431675995
41942664459181853052
41974923003021543242
42040410820007847844
42044109867292279683
42072055540773899353
42293228975350587796
42328155605876719228
42381496134558647977
42452780745759604006
42485429510356061340
42558546603994559776
42577578310262478119
42585631804132445815
42593575532076272063
42612299417915163925
42621554107979472580
42627095810016469007
42632387943090670484
42683694229307252937
42698466327550978639
42705574087623390409
42740676419560672973
42753269155939872768
42766872244516933801
42769713784184214174
42778171499428250089
42802138744771179412
42814034349359507531
42827934530406565368
42885335816810478303
42885387051987095506
42926816376650483100
42932051653486214010
42940887649782125101
42944929078370330993
43062427535134903728
43089265242738930031
43089808953683423534
43092359018083211681
43143070712528308458
43202294063332715665
43220796635026919823
43242915975070162702
43276061091515929889
43303307592901031527
43342006029498371311
43372978282499647842
43383917640476548893
43390280726280088686
43397388537579472150
43443496487393883112
43451734060984476037
43482683639230743013
43548488363438201308
43605005204036999897
43612958785931253179
43657841749684260474
43663301705281453806
43696210154613382084
43725369478176003297
43793060241002138948
43874754247427120867
43887819332972964405
43903387098700261905
43908181498789509507
44018739205968087113
44090656118942169511
44113762604519420768
44136519796401254250
44183160114164158244
44207121623202174078
44209968815947973581
44214078027061168237
44230207804044130049
44237429975636314602
44319749529519826933
44333182486504077489
44346465731071252052
44361573452137407762
44404083977438854684
44427493986391332258
44460121674939868497
44479813334538487695
44502584735601067747
44541661867340291200
44588781039449490207
44603858791615698175
44657488435466755107
44670472307719180648
44706778590174056329
44726228264370555595
44737841811568987153
44748107403393986378
44817102557252329245
44833354382147926639
44852462590384186901
44874617259470501206
44901886610390528661
44947480565343310359
44954518653589191860
44957966882295908146
45037139187077066103
45061005019661475930
45063658857302319958
45101498643705195872
45127010999302237628
45171010588757414974
45171576305085570269
45207721598570515643
45215779430721421718
45236529570853570340
45251664371370604443
45309545009488799756
45375443720546517268
45385616711717972365
45421606446070475211
45463360985425329524
45470087479670820318
45494922856535150376
45522264790059870780
45529094310364916631
45533485347620618933
45586384593273745653
45644967487503956795
45685185493709297213
45687997823408161072
45743294932549756851
45750011289730767196
45772703001649891881
45810825262416293911
45822015780273342368
45822406255175994976
45842890436708889146
45858071198596445480
45882301242709336457
45911250296474087408
45938765825338076408
45983950063014941853
45997841018418278494
46061505480311002924
46069760052796500500
46074966276654813941
46171212558227682913
46231346753202580216
46285728651648140823
46347381068969538636
46353144931802178145
46416700248455133396
46418352605004598314
46487947994087499874
46505699153158223887
46617633544772331612
46687161407935469358
46750793411768169265
46759747389965412855
46809981160386269360
46851654794314448513
46886950907234520235
46899920666090103897
46928840689936544355
46932990586104652967
46937753435078659755
47042002738215341413
47110188538618990728
47114280293511553324
47159609666884945065
47208058096997233891
47243832608361278732
47261468313994359701
47287621089508261648
47419779627544791987
47424980535734719300
47449623402281223369
47455702295529693437
47485968851861784853
47576247133935428493
47710885766418653449
47747342315412452676
47775718403477186276
47794209086256950103
47817963224333430369
47858324750631628518
47864003238977147586
47876167183609401125
47880682583324956031
47894285698913181950
47913256759681495622
47918818707681083299
47972860096066050095
47979440982319847815
47988718682213368528
47996325188642592819
48000696213543321594
48062826416218542656
48067866775219791899
48161592769961999561
48178705208822683449
48202365022013140895
48232778589136501802
48289619162277780792
48329092401531573615
48335506620656118949
48357457217362845138
48389588677877557386
48417752135558400546
48436916244789575801
48455232980977930559
48547675332770232062
48567457993979195579
48579189176036127284
48582202082713115295
48592887519245520303
48619598471089075515
48646546050741484108
48681028766477546554
48742687967761417775
48743000409889485013
48855692120794563357
48913935026757460392
48926375730282514619
48947737223648924722
48956711350190060536
48982416061943635970
48991935877862805233
49012832379669102681
49026184793728478730
49063317514442363694
49141466045018539400
49183893138461880173
49202347600724020822
49206057219254867118
49212053231123761262
49218405619304500433
49418638714676761229
49507602481343015404
49508382250539173001
49519630004567273396
49540548804533281791
49567700900245253540
49585789370125601678
49636192899815985975
49639061818473969706
49676094730058795356
49694630586532239054
49707342154197876220
49716938950478933770
49733132399208050111
49743193071115424994
49818477405572302274
49842050499647783247
49842737029683420676
49882918258112514816
49890882366653988128
49900620991099666393
49902921108053404438
49927762443008421884
49940094043480109667
49955525455442707071
49965539727849548715
49976048242551870215
50028026239165077544
50050570716429912459
50073578825774348877
50081075119341599581
50141272623946285535
50166960214678882705
50201305043158795705
50212370387803588157
50229095793129879804
50239271636786671998
50286423504160372001
50287433578860935978
50294198551495280809
50305897028826300083
50311493728747428124
50384890362798735999
50470326028327104198
50500726652577924081
50573333876285361028
50577974329470263504
50579964420173205113
50589499335767759345
50603384018389857103
50641747888018305201
50674765652920723298
50701852379945257018
50747740404782496957
50769040750811770409
50787813648015023738
50815714904420949624
50851698493959572682
50859561271804424823
50885844006039171996
50953569142595045210
50963205171373256390
50977309490339035760
50981426280765317882
51000745361380638988
51023202790383884555
51033733341974664206
51050480405946205557
51052291020277425311
51055348429501977222
51064019589671830035
51110241383052134743
51118715708957821025
51126361203905446751
51158239203077349635
51162682375765082060
51234077670248282641
51289951740131308693
51297917798766069272
51417228008374839536
51461630006246196674
51691648692082565021
51699658875158598173
51701547657100145203
51704105937558246003
51721003967531720405
51730370769188985887
51733091024115112980
51748439351082223612
51839337925437822334
51873639105041498888
51924399105843445988
51939400265083196521
51951706433631231653
52002505845377027877
52036947795273162370
52051554297860063907
52082579164987765843
52096454625379026017
52129526038476570380
52130939550068690721
52147991288833453165
52206691771156676617
52228318037301763060
52244839981892453307
52282229177099321998
52323316410132431000
52326401671118311176
52372148626421825557
52391825848006902429
52414648490567695966
52438596924674950605
52446930184769256845
52469290873496824112
52488395137718618497
52544082047837910284
52571308573889952835
52572136744889171191
52598596539775711865
52607676367113719605
52622583383518552487
52629329032187115404
52638152989812326617
52665409187271569870
52712918157957404223
52742146611987364693
52765990913249641540
52777305362525465845
52780073910718633481
52782715513034558449
52795613354533672094
52819907519956475641
52834222749003648932
52897412861019234340
52901475130841513289
52949255872052830467
52955621021696044738
53023368130973015165
53031193915498687177
53041533954472717657
53055468456007744738
53079292138559675449
53153920371953356329
53218541757722127907
53269888471013624341
53314906020626437643
53373447839871192014
53383990581826159578
53387863066591812237
53490166948937514606
53517877221964044866
53605701756403526369
53611823713191367163
53615769050427728668
53627247092317148091
53635377729563902585
53666048942782049071
53670673728636872713
53702521205156522154
53729803260985744006
53750200596115147308
53758326285760056012
53768200916537817115
53805320351379984998
53837426935808274490
53849975333461592699
53891094396280385969
53959055649251317263
53984480568281797031
53986606160585516887
54006667121082502774
54083043946814362822
54152255878629001110
54194686522959562758
54239801383202838977
54283835245508416846
54289695858329376946
54294255734563406264
54343866922790832451
54349352657772838527
54377235561144059213
54440712642248432960
54441865383759758238
54458231137529564003
54518245463823658493
54531065069956289886
54559604589396239203
54576960482484986622
54590240957581585242
54618920758682389389
54629640152371154730
54766157904294232666
54770239966748810878
54811407363243171547
54861190883301620319
54883031107439505259
54904074860387195277
54947479307965008347
54968730156135518679
54981070634736698150
55047948455672134276
55050989558102939852
55081544446099386028
55105474252816540011
55123571988684953176
55308393341812906546
55346342400782558118
55366010903489437327
55399102587362051224
55510425395586213930
55565640974645590722
55583358102783605722
55670821101345627156
55697926937013915268
55780852541494215749
55888796243316207986
55899896760736561674
55908850667467816708
55958527311163058346
56006715528781310490
56029415917819007195
56044098783642429700
56046659189739885757
56085941815400199971
56098216971953047045
56108805256491746816
56163983857357122442
56196265942463544392
56210199926174605106
56335932393271584610
56346009021717568052
56374747342252772873
56429354766671892501
56450571738007913234
56464716820805374468
56466207333879476155
56481623803186212481
56516043513385171232
56543401564594287497
56556567065681674544
56575998363376333907
56660951403245259716
56730173221269850358
56757425954318251615
56784834193644499723
56800329115824182381
56841001578592098920
56841608735810475463
56888641924080800080
56928829389186814932
56948748101969867259
56967259296259572534
56983335392081141718
56995559989049735040
57083265662642554711
57119401924424080235
57152243852989467870
57176030542172938432
57244173922125520839
57265477243566816287
57283159324872742780
57317239394240400694
57327515397649981350
57351082776908919933
57372875880060562101
57398014712881976085
57424253409461816077
57518034706542947049
57532372015302883049
57552398596546680652
57573870835797837800
57588466168070387458
57619897759526833309
57655488915281528326
57697345164598176691
57730156042247283088
57748232415015640010
57754087447853904212
57764010896436461829
57783136201608289876
57855332708911324647
57870958842393850815
57890933300228434378
57892286000310210008
57907686243078030105
57917172097133150989
58020147388129577183
58032993137559764172
58053624919142282526
58318186235536129318
58348936713593334281
58363207562776457655
58388290452019427274
58396876276946446931
58415397511918793963
58478476244124856265
58500837082765935943
58518325760444202065
58558486523847564893
58586572553848761275
58637286042471312049
58677591716480620447
58698239001054593048
58704086752422375559
58716775595975742272
58730395245901470028
58732330233920473167
58744620393194216155
58754042801042102520
58760457311023546472
58885261702982007230
58885445642361774453
58952616461012477523
58954601145698548104
58995637386556454684
59024691875771290130
59033773205978841926
59071886914754661264
59081916018737003026
59117694413958768052
59163696596579106708
59190080162556135301
59237232878225009127
59352955664527916819
59425066189090008589
59438674372798632383
59486126436064757017
59497996662219452441
59531121371548299311
59552779549317593396
59566882881988902345
59582850274589724699
59600586971730996713
59619351878310754549
59693405836617743422
59700861413780211710
59736474314484895639
59766557063059807005
59766928843452103102
59795222748655349204
59877436825560480912
59878086025397484612
59890234327751177867
59908092225624063242
59913063822181604196
59936150208269110970
59944506730034789794
59963203207809601982
59975387246221013028
59975741282444147374
60007574335128534442
60027897841643699526
60071503898115423550
60134211353007134088
60151104319340118609
60166484866347834650
60218966149982697817
60252679563283907820
60262070687316980778
60263346830166377652
60271149077057624424
60290896392825149030
60310012365724423119
60374378072972876748
60375775014197244249
60411359283258246314
60451231797508992195
60464509784118504718
60466872341614911616
60503096969310538041
60531074686061788209
60550914431769872998
60683615528180390363
60729875895503570071
60751606108989262231
60781363162132885299
60853180731117298962
60859867443010539626
60906273371364371188
60956350741872816467
61135480052472067507
61136041513569442591
61136692001014776618
61142876669233844267
61180148310245564785
61228154303153963926
61237593852337106933
61269756246041584517
61277911086438060301
61343718605736035488
61345558397118105148
61385225853598529830
61391199537605930964
61396908756435095365
61410093880089074674
61533126695554570889
61542064893400482811
61545758747005030696
61581512025121893159
61656627708995654408
61691345215609966968
61709270001642029239
61827703301227122381
61840899833809282571
61879543500356215042
61885058815751271125
61897473981099897600
61921074951775629149
61959164554479182068
61978814220634839810
61988090825816914405
61999195779243192001
62013194491267949478
62081184245570477374
62156301721169564097
62221748281631587043
62266300201583178773
62277795088895913471
62287063515578193118
62351256973298049735
62392970233708683585
62393946790205773165
62403579238486719514
62422426816480808804
62460249751500569230
62507652500323664346
62548146849451630323
62548260925358524855
62588771537794824021
62603280992467944441
62622839930715969532
62657966238861701585
62765742557150984337
62790938279802969931
62821677367296519670
62908771564421452366
62924177620062664659
62968091717401606507
62983730380033868553
62986698326216248397
62994214304173570733
62995344974886489918
63081439112444123605
63094839465412699558
63094905431903807342
63104487699276175378
63123924451644093488
63144640823316980176
63169696892709254633
63210638389948204651
63216677788171753666
63239297843468920726
63239930047203701496
63271483539885762956
63271634913666608787
63292690976948076216
63309662509484624100
63346989221748031308
63381360220288433601
63397644685340315334
63402974823098676069
63417633512812409009
63463286333693527428
63518256001256386644
63538070570731038980
63547164642143151914
63556302256014748028
63578747226241590577
63581559622658470640
63634259605837708669
63674173821643169203
63680808375422390821
63684473820118362693
63714154650262848884
63777063602938520889
63818042264442150493
63848318186132404044
63877354230260932686
63891125713618237068
63891793640336444042
63941993182183100326
63976085497623442167
63998132393577084053
64015382810073449564
64038719263019585443
64046378191430477207
64058421589786414232
64138981128353833877
64150234019307066622
64166753711073109222
64208297786209563594
64263936230529226924
64272934928003729914
64287622430752515573
64288189874777669716
64316589640427450987
64328783911720410759
64356162959976069576
64373971346506679774
64389214693678404018
64401523062189548741
64507746081341585529
64515148801209546844
64544439424501528802
64687781224303917659
64697899710481695561
64699093487935711640
64748398284354263061
64821046039098363207
64829667855580746937
64841792244594673260
64917899590681670427
64948834099904482730
64952852226349191080
64961542840481294331
65026777826589180099
65053789415298649379
65054271782491655978
65065264667072225472
65081611122230638633
65111928244363286035
65117345614148248122
65130968735552856983
65194821761995643468
65276306464036584887
65279989522975458060
65301935977306383557
65305017461207271872
65323509461778758951
65373895412990797320
65411821054730851941
65420905376899417045
65475885630538702606
65477151253831037569
65496664599898563885
65501259065187595965
65501411655958941820
65505570805782500946
65547378749273251283
65607192143229163556
65620918558963082164
65649200298568265013
65669094237605183089
65690586743788577407
65700564200176845784
65715428606869657980
65718622237703073950
65753539613057464677
65778471493395810444
65795816235003533152
65840591852817178744
65873973613820629398
65911477395587032635
65918669593922269248
65926129782738863818
65955209370197134049
65960357800602952341
65985948413112411584
65993253479001753834
66042855049698813840
66044240227455250262
66061174219100062269
66070643315896142774
66150831908456735761
66165287480438686201
66213508594920359895
66240915402641162998
66255341539293891403
66283296870588926524
66288718328870176542
66416498410849637688
66425029204885150275
66487503672438966959
66558482951598410410
66574679991678636818
66579130743117122785
66597624357339622719
66601525181682274079
66664223161734426660
66699063887305348947
66702602388280758138
66732120518543889223
66836099273348516132
66859883913190849896
66867245193430995993
66915476814945900314
66927210120065961878
66943921647637605413
66971170902010118461
66972467327139842985
66983241226100893786
66998751609460411072
67030245482343880265
67095612331485730273
67108099511073308445
67153190305184393443
67157382931481709428
67162242261917338680
67181286992235994539
67194639039496529202
67195162602395290511
67288099191794424302
67294276368353826685
67389364433251436914
67422130966920996437
67557847131693002732
67559437924770130374
67564997530278211297
67592565453483745047
67685861451117379405
67690404354665173008
67718453436666941574
67720147391784203817
67723528257258071509
67746792752857084468
67746942342461380865
67760619696742740204
67848236773581607005
67893941026470997619
67895714805248617770
67920594811186520856
67930918816760766366
67998379827734293071
68006014893939174993
68024720880269568075
68075727924613741072
68147348332506629631
68198687625078606605
68206672798091060307
68254104711887782696
68294144487988083830
68316890294695494635
68374492161425183116
68413431195735058471
68539857893323232864
68563439325122467012
68583969831654439146
68593354216768675476
68607807928346886097
68617941990360985318
68646412516411614519
68646958782122762949
68701976585460677538
68724776738003185210
68783412105683392582
68831244657334720690
68854573243870643259
68903630734517411265
68908175006167119933
69025119230543652055
69055078687475835859
69099870449322370461
69132386708443057120
69172070664814118183
69202006907858467150
69285137298895116394
69317164986846497307
69327523101810347638
69336822506859301032
69361062835301952717
69364079043547861764
69512017401094023246
69542103552992707287
69567610711454001809
69603236427560340585
69651948407236759902
69654733161458046389
69657321656262054062
69679468638607902883
69681445054883731661
69763544159279887488
69775646633829603878
69779729049173403159
69795095130053097702
69831620465947803332
69843179256897718923
69895776876499145666
69936939054909871694
69937067033206126556
69993778724003049760
70032816963888753136
70033667378547638469
70043350008531202834
70059810673353353335
70083231959710860295
70095808144139087961
70115398423119501474
70166862190046155871
70169787444254335674
70192751212235274421
70207509073840015880
70228048574721687617
70230021054442989760
70245539422318514001
70403960135393202505
70408764876247011288
70410928915267400076
70417066325042330476
70423521722646627272
70475985636072910193
70489005052319883731
70491160958578327526
70511319564417867967
70521834900450590495
70595786150012406869
70598006372663635971
70620451875082144439
70639642452195997611
70660045982162185619
70680530957869621686
70768383532486179976
70797608339003954664
70813391239973810944
70836472944956451191
70838285163723898901
70863443960143632892
70869142700130855956
70869250259674488899
70908099553587323216
70932173132498774822
70934794367575462713
70950903958455895327
70958510149673163142
70996339179287369692
71019801534112916851
71060804067594746473
71071237322216436636
71113017214743606959
71114667842679764908
71139453784609194689
71155831170778261770
71223150754258746324
71230091460349409359
71245635853951174317
71340040016361453423
71356988285016559385
71369861423473670142
71397402796651389519
71425454172310697415
71517515715829159631
71532442627543064635
71583811540397544508
71589065570022686803
71589213249347897899
71616211928646054551
71617530600037844084
71647279422044902584
71707181785771813729
71761800312198809307
71772982495555407374
71818520802330417812
71845452972528894100
71865873962645495188
71916362737633591198
71917487434420463506
72006704726180073372
72009271733264664810
72055327460686115723
72085181934227926003
72133715204508360618
72241378036326932056
72273968097549894451
72292610854026014150
72322010034325205908
72386650432588516327
72492831280833143628
72501295401718283625
72528681385937893226
72541113420830981797
72556242308241300492
72583509685483912095
72635673787699337998
72661589641955513207
72686525216012991316
72700337736552376286
72761424363043210481
72776404809184944943
72788351391674786009
72793864190933578204
72807669804009905175
72814222325605149038
72837699335228719889
72845071810597182042
72882936729481456809
72896188896862389209
72902338360296460838
72932077290790764181
72996022758804804162
73033416285123569492
73042221576087514611
73071753616373074339
73124854061524768201
73127763703838601990
73140063358296834377
73145257294996891218
73169879415373410893
73174232104092293094
73178088333741899819
73212184829872047085
73257827792299594188
73269096397222084787
73289694987504959768
73353076357328631491
73395027291262786916
73459785004179305026
73467762797788297520
73536845675653292857
73541306663278304430
73543645346040485537
73555442086102295246
73626017898687183007
73638049904341956306
73641859245144351534
73644320144551043764
73647518596664361700
73653876197099841725
73672151506269621460
73673316142908957187
73720454460765000238
73722535787738985491
73725129332601331675
73737458338162707965
73754683368401452806
73773602719296704981
73888806857014936876
73896977921950058762
73897751569172084642
73910075145608997674
73933588154010655429
73938504531572698394
73944208217563554786
73961833566748294101
73979659210336742568
74004640821029384321
74041531203826703062
74050647832435746828
74086999112164057052
74087540463390953152
74115919995749013147
74172131815197324941
74202174542053043393
74271618467061175841
74338437421373127969
74342149246717994505
74370951428790803058
74407313726779086002
74414635743704669207
74472691584740316457
74489528971123124584
74501527250030594803
74510526993071228668
74529194889136637591
74575105812069860833
74635306827086936761
74668574332992715865
74679985032598109371
74693482719671297793
74705021494472816084
74713849401774050305
74744110447171830153
74784277830700142495
74822658446830417484
74852945432650341147
74874381546639822686
74899422781364195501
74908223094270230130
75015183896761217862
75046920311780625489
75083208161030501093
75084423022242247858
75115963937619906960
75143738133574878298
75175056638867653195
75187646504136562957
75188259896944086834
75194833933538167709
75207820456982724103
75213914511494823892
75237891645612762944
75279420874220985099
75295164521732349630
75324027810765495699
75331760010304827254
75392953414990397775
75430430034255974367
75468736193526826282
75472308109198868183
75480834709996248542
75501151556790076054
75522856557726548670
75541118291134942674
75563142791326072654
75596477320591387141
75621458482456391309
75622950777189094357
75665045918879503857
75709654391290555422
75741769289470480849
75782709511468708807
75839790994960901326
75848730243877739264
75900763478318619868
75937681405028746991
76027276789185412627
76052077561956305393
76073278403309089249
76077449405737594628
76092048836363406727
76116204834873201419
76120105144047477242
76174320129109553376
76191745093002488219
76201285052535856731
76208627237527549756
76212903475990621257
76234400678562281460
76248520659935824300
76315404038399591098
76360521909492745534
76441149007481691150
76454685818111976253
76459290078505553367
76485605700250166819
76503783984276774502
76536579026352591631
76541332874358805031
76574828585737595056
76592550200188458517
76593203261044635054
76605889827760840490
76629036346324946680
76660273763139535623
76738045860051890082
76811019307640994546
76832277862945574501
76832572144762207323
76839043916556427445
76843700043955520013
76862554243810094913
76908567043188845614
76915500214695749635
76934763411231280281
76934940033104196031
76939237957869415690
76948384833822006568
76970318726303375930
76974971230399889212
77001269245585762811
77010909035495061251
77025474245799093903
77039986468655248528
77044332327685401286
77045769142145686112
77077757763618158794
77081392339357815320
77093193416240248934
77112445014578629571
77236128850651863493
77251537504924635822
77284454593931896611
77296705777897916996
77310024983073800965
77311824945861407452
77316686192137947420
77329438194729765946
77347802729075498156
77348576254616754019
77365301332363392811
77379522868520059483
77388646341153367637
77391112664308746948
77413821519561904194
77487073348567961933
77487173983063275079
77527596888753856790
77533063168777748024
77550700997771356807
77628410125236039525
77637658930875379662
77646167139230827225
77660665844603649910
77676862134731953518
77714097598615561237
77778245100960435773
77805500154983437409
77829165139127290838
77874577472117048169
77938961833398077752
77964412041814953748
77966836904576259777
77976599469345114475
78072823192812830238
78077659810824235328
78108261231238033470
78138211978162470681
78173974854848382383
78191608298206424443
78197670911183444543
78222404962477465452
78247301843019369625
78299359650649894318
78304717986479660672
78347506201097165171
78367048213090005913
78379934884276441845
78388296602272758772
78445903501042210816
78482043102276048030
78482140501090712373
78496984464833826988
78504200436967777681
78559863560250448449
78599039533316814805
78606258015042572497
78606772880082025232
78608563193471852812
78660395256868915707
78672602746516153597
78689235086952515249
78783178265616017187
78798289978141064006
78826331482566555035
78864188541123841364
78892952758433783995
78894663915449231625
78986869026548762131
79021577404850727764
79051929304887393524
79083082353852679730
79099182006873638652
79103626415618909225
79177217103555194139
79204204954663201560
79253303078080669225
79258168554028022318
79443110534788029010
79469668485948344618
79473894001937675855
79494766080981475976
79508871106301671879
79515140582612927293
79543990471084895172
79575597245510858249
79614956177547431322
79661097604360934119
79668646000619396616
79759609407285851580
79817269756291894924
79863652550507394374
79871179942157508729
79874015247404403265
79923531571571661122
79931235582357409572
79932904879278236645
79990720494494614216
80017821654316639790
80036185931526297513
80061691292232832946
80082631646894902834
80086736575357438650
80145705312920166830
80163093517767622260
80209433591289045123
80292789928425141972
80320513141651880984
80339783537027832111
80350187163019291606
80391699146406225831
80408589310711505570
80453808528375852483
80526535078944290309
80536292941573134891
80562418140942698621
80568187544944956066
80586267060680186760
80591864318659233445
80603562920991168723
80608657578014908622
80612718156457621507
80747444948880647467
80761647872963298441
80783723337596711137
80793085689118924435
80916440806258404943
81004950206662990765
81012421805006890965
81048466174635484233
81063033511252218198
81074986951114707041
81084421522527829148
81088578823035743175
81098891917118736809
81155446267196002566
81184381934013424967
81185846003867834100
81189562647075595302
81199779072346063572
81203664837129838004
81211026441396917010
81214105613138957468
81271609865569509235
81271642539800889114
81368230604124362900
81370974864094976490
81396996479179332274
81400381118603448899
81417371925171403724
81418417458518672539
81438047423120934972
81481126584373689483
81607118750413681453
81664217444029009355
81708081523648260216
81710090959880401365
81720257501967719302
81722192678867972698
81769490174351299086
81815725010441584335
81842023364457940698
81850565679898561703
81893998511423106317
81929846425651204896
81939814398085060696
81965518449499590414
81977896282248815056
82000288688109918148
82029332895569834256
82060180066333056472
82061823391788631828
82094383400091756976
82108511322686066408
82110691193414950155
82155348950807639624
82159364115738672142
82181147483694521989
82215718078711671031
82260601120342518764
82295262396086626683
82307332369997170164
82307823951414271349
82323505205824381988
82325779230144360474
82328451560394735405
82442157895860310182
82482708145835083696
82499395436364925123
82501010784054313427
82537999720327830187
82558402393647457502
82588382262157622189
82601881621263119146
82618991079386785481
82643221243347454833
82648984630242526669
82676832988586175753
82685351603063494759
82697956826652211388
82720193116886029371
82725701904059686628
82741194589949817670
82742585273381102250
82745137189316179723
82759197446135573500
82788222079503675675
82796617985867490768
82805487503923588235
82817817596704479762
82824285563069271231
82893845906732902276
82929191124229756578
83011081873216311505
83061546092182917334
83128508132834682391
83168638914056419236
83240309337927046960
83257520925590360479
83258237891427128770
83283387426484988146
83330937230973287364
83344732303387555931
83391626883021390742
83413482750402356824
83443507749981848345
83513866253044586850
83517862763667500760
83558186063369873788
83589032098097242094
83595824069648388889
83633287538508182556
83635629365357888861
83660563025518488217
83665786607976746567
83676320437004206197
83700467408573965767
83711911525091699717
83759920418577645218
83763177371552307707
83798423180127907615
83867845596306319928
83884589179170570921
83896618286089699619
83909385403920461074
83924078252369421775
83932618892991511278
83933144463229126599
83943929246983873997
83948893800726005994
84018429792286969047
84043375316450709616
84206151048583065447
84221320178028728418
84244176592663377022
84244800301687259656
84259012025790459478
84266026212908908062
84267246321886244706
84287382235537002710
84297343283336078363
84335490145073148087
84342181134673917508
84355720059431066783
84446750465448873586
84498594784590059996
84514908261330239789
84516411678518252999
84529347295106979043
84540228285195536219
84559648833142120433
84602432192895321609
84611029502685734778
84638024167611173204
84649896381656274943
84652284904784822046
84656876584942011297
84681202106281415043
84685964828266541759
84723889977608510378
84737257120997461425
84792863266399101847
84801439950688357277
84829050248490716775
84856430853064880795
84884502172816101540
84927265487688353355
84936820683049513079
84958418764034126847
84979220847447877866
85041957110357485699
85044697446837525956
85086564917176007744
85145041629149612037
85177497928902491568
85190654651606677083
85219119629994196275
85238434356656971228
85249172404168216883
85253461885687804004
85275301668852643635
85284428670371406753
85287144048524605654
85287344845364964073
85347600670359887453
85405072509705666752
85548832849768087607
85575219786146846516
85590511661045863935
85630160385734330601
85649755111385048326
85686433897997337085
85778519709857845398
85869049225625582658
85909191015687600820
85931107471135919464
85935357756349504494
85960952390121727353
86008982521654897416
86066811149073469093
86085381708508676692
86103364762277795739
86119483668502667360
86157791796894653352
86207459736063579801
86273578685486391049
86311284141409843607
86363514360326453231
86365635146946288219
86372943113737012799
86408510330193909098
86417734856274909374
86421283333857590513
86492422291868027269
86511770812335609398
86574134192157447416
86628897862897468110
86654493778979960949
86660971380852719318
86728221445368532486
86820320316904624333
86974587627861206954
86994845299155903105
87002464045456877838
87118916499089317995
87132682311865351364
87140207436722094239
87196375967592220263
87210255396880807029
87234406500265049152
87247513263235447132
87250522170253500902
87272122125595401681
87306212609007154199
87382750351395474198
87394558771369797170
87400859117396701113
87416855702855840923
87421283260240990596
87427791070482025494
87457657369815666966
87495250399317592771
87532828758461924776
87597180974636466508
87690040554080319958
87753611848341135215
87754899466664422464
87770680311085776619
87788405417057003961
87795981080506348205
87801861777655458788
87860131873029132996
87887754711833141075
87898869307323360821
87913776213827104605
88025523612763282736
88076031728396151290
88079119015222324243
88112466704349893260
88118756695827233286
88171207315366825926
88172378062695240456
88175436033686780175
88193468313638178117
88263681166540513154
88276002766070050371
88328220970212959452
88338762294121323865
88348303073989848524
88386560647547457398
88417558757196319760
88443082095168183415
88459180749777896799
88488187447352953247
88511152867000516978
88573009409892807071
88582628923291715189
88588472950951534112
88605587307918962891
88607393382421741712
88615680879476044669
88634476707488936982
88639948904845042572
88641522894794744307
88700481942909002707
88748513666286471205
88772762378642016832
88794689605807258983
88827769273851956250
88843726651426299630
88896270817802139200
88896789168821854189
88967407097120206813
88968867262572572789
88988438472867586563
88990794055151804690
88992721785510002121
89008081683544618845
89021173160409061605
89070440788527915108
89078504277524372913
89101870744251863277
89103912633698484947
89105456407617473215
89114343859750321957
89160733450716427382
89229656751938010916
89251360537405591797
89272701622578742010
89310430875329655840
89318947850061715635
89340152146541312809
89360826668146472619
89371000103735605671
89377651329243376412
89378895071225264126
89381001871971965279
89410386267486824914
89426882287133413573
89445122348462881670
89445397617878407155
89451713509045590863
89475018287786656505
89478379455918956710
89588712225714879979
89590843955343790992
89597849755404151357
89609556264148681769
89624401953889778320
89629044700458063045
89671587773752537451
89674745862103298437
89697796160824430549
89700431690919702697
89753922290853463219
89785552988125863684
89787213529169810142
89817481247743367636
89854460352203651900
89884272652024014080
89891630393012883812
89953051884484315802
89966217894854191603
89989073171943062154
90030342897729491729
90068519524515484479
90098169385715883107
90125837962226421849
90145382150301762354
90197628432229508881
90225414314332983710
90314692199651643245
90343747034898840750
90343843220827254739
90348688824381775748
90375244796614562655
90410953003799267929
90462204141823606032
90474400799290565176
90477967335512678762
90504562820118858858
90557462240579879759
90577811472321476272
90579085465003721891
90628407938936675678
90643930767050367773
90656734863457932800
90661410336194356036
90753881222315337292
90802294022920805333
90819870637208457493
90820711313674525104
90876733690649617108
90891150472971261770
90928708395319506333
91051168057328751332
91054936512638719221
91070408953758682181
91070970621164766466
91124644771275153078
91159084966063717053
91180630457108779069
91201921824869503502
91225852289886302797
91294754552646158142
91327606579106796132
91332169194555479506
91353401341396773551
91380663337972300206
91384535285353161142
91390374119637289956
91476365831439420684
91510510507334180665
91516044865795343575
91517369749577299495
91547930491605228608
91604834289461478626
91611820565957947648
91643214118004395923
91652870739770142903
91653563552262298939
91664772993288557671
91746985267153968997
91750569604947049322
91833113985941713291
91848922429375436817
91949488261061758805
91972170342763426752
92003358351550131646
92004418839578410496
92041013060864369456
92059803607163271872
92064670648672999130
92074760091424867252
92091555248474099262
92160498217739878632
92183537759200898292
92213434494437620423
92236911605258551782
92259453553976131795
92312972028267758564
92348792230849016240
92350841503096649533
92391524284992002701
92408440213777146777
92424272575365515309
92458959382402025346
92522931229780583899
92545502377898238897
92577723441971769157
92696415100600405821
92737014010802566893
92809908673636945551
92828733789221362317
92831932681973517395
92930984692271278346
92968981203661441322
92985970971021909777
93015830124631855089
93070374493790026610
93128951838561181993
93175043912550071164
93192994425400331601
93198919351669243505
93219776456233588474
93265145192497112860
93305921976305812240
93330763660501311288
93347628083651764756
93371219660476075713
93377080783391055803
93449864070335841629
93510565810030916963
93518400353669485747
93526038542921703115
93559036744927027304
93621587418949344557
93641319454989036992
93719185223717228333
93747612053969840685
93755745898234823949
93756000837289539676
93772508234633274610
93776140081181396257
93784022104413055094
93803602242620285130
93829356664102409168
93864633185067284617
93881214338522179471
93948528856072956760
93951584812035945177
93967886223035154038
94006785044092761700
94095310780069003826
94123963533740995516
94130712325049854393
94136419385757096181
94180679039627415440
94249881021624225010
94254014717211430258
94256188217229778603
94263422027404742567
94268394333800642826
94299317857876016502
94303552548290802191
94315712852186890413
94326952992417236821
94371567111902704123
94378329887514544507
94474230548811223775
94504787365826753945
94575948058694697808
94584713696276338821
94588486614157311307
94645377045980410437
94649475626969540370
94649697953452165776
94663454094748509656
94734627978215301078
94788172662708117988
94813006386781537005
94855565436997975854
94897051199410314495
94919069810744584683
94926757284549895984
94938479529605429566
95052433076057277091
95054582247268489092
95146564448074692724
95198696261485482797
95278950543488451918
95343804720858007073
95344427232182182427
95364549122997308574
95367614464132960399
95376238136738163135
95446732210527301335
95540350721671895257
95567447287919627755
95574834939391769817
95580395522716486749
95606226137433058181
95609333451794832508
95619148283085683994
95652253099012736484
95664714363935572917
95670414643769795836
95683759718714476436
95701516559849037928
95764730718504728428
95786556231706565705
95791269776093799865
95803477334219812588
95863000065294151079
95874257688435600197
95893502121045637376
95914305492781438032
95922997536362297830
95946239635613224866
95967113157099166980
96016322766183643849
96017427202591849416
96028140335554907842
96064222641605185716
96068924183506397177
96151850946897768583
96219201859782716371
96302427289800526261
96328667912482265266
96329604083453171433
96376100104559126312
96377081568989061908
96389198208103936477
96392012489365657473
96409373187285927373
96419233939069104687
96425638205320712329
96497915460387959900
96585206237144836502
96670633415928704296
96744156658750466534
96749113249129065785
96778844889129446675
96823921628575337316
96829252050737846435
96842147971192073935
96859923869903144808
96860445318646974023
96873172748954941915
96892453908646496724
96924776361188076387
96933031075891103759
97006450760133514771
97179232591802641456
97234343249961698420
97261272199693357334
97296265653551352597
97313127898119355911
97326532252397875570
97372572147890647069
97407001315183144406
97450732416892946282
97459414877011410290
97460769692975590848
97465709355518844437
97541909852729625162
97572341582078244749
97578725534791498981
97609079361305590807
97629836245433610191
97757477303266794109
97761206380621230621
97790268304338416881
97816609538012464323
97832057608992975243
97842982183421779053
97843283337650294418
97873851036408257687
97875600942843982838
97895862035329563967
97936925536054618489
97972610884170746164
97977034307245609889
98022130637750476549
98071197819881305049
98097509894115744473
98104161609715849660
98164580678821308557
98184485359281933268
98216326683124489871
98311204246222020501
98366429053075140170
98379645349943299090
98445587108732359609
98540390052809969840
98607917897273266818
98608866287178145459
98679420225496393947
98717199882522838133
98733345530894471928
98738287047254760401
98765428251928424435
98776611525466164003
98811500716711413709
98812835760165171519
98830968774555971070
98872988399443200747
98876240806145515451
98886364763780032583
98906719848738130634
98958073616973608487
98984941377396547885
98993034412542039171
99017443131037245527
99069406019420482900
99078201170166573313
99109199522035872959
99144136988589114183
99150857707986864094
99163171832635570503
99170776750864517610
99182710646125154186
99201154135376233303
99224040605580859720
99229160904907615520
99245820717882164461
99259568568141097464
99270518920634742706
99282855928587824624
99299799268120858087
99545197033183116991
99560891301941799142
99564205734871753805
99595021527072656176
99639649873804801378
99670882316888002366
99700875204184689758
99702897814880815823
99705093133635020305
99782981792659197404
99797474312913038480
99811922427424721440
99814954008065893175
99963473620866976311
