10000299269865710215
10003738697491479146
10015828224104788014
10043307391499000192
10100271126021173788
10195017616064591709
10196680189620798534
10213906359610420510
10361698450129099495
10448862589300728435
10449325126487023803
10488099977409024715
10500905600616874185
10559612701788534546
10612359464031791551
10630732492876887498
10634894300332465976
10648636899395919273
10665711892507078204
10679103854813929375
10683866787384099660
10725489399509983258
10738169054000520522
10742232605412056384
10758887034769664727
10810157837546315861
10836231286003570743
10849530247274281485
10888114971968027509
10947606699910269329
10987104507631441131
10990490399183877191
11080797531666589994
11221281618374149965
11223070288445851100
11245113838571870051
11469543930117324668
11481868231434965438
11584858872936705207
11602077734863065297
11605176439874491648
11616180447229844326
11754223070654898237
11778166127332578288
11802551444562480795
11812631957637701848
11830207328663887229
11863777982568933833
12090880485069531411
12165484573067376058
12185256223321295696
12231323183009116277
12341278780778135385
12341370249692919802
12428413522667863252
12441656656914181568
12453928698758563787
12555069466802582813
12591374270688597647
12639098305525569095
12646083390229758316
12716991026332221851
12723500810337407393
12844689879865579957
12976679631035551045
13016568554468295056
13068669473492530528
13099413635968654133
13104516178780740602
13132379546212096238
13199381571257835107
13322092753924433147
13393507120328897230
13400818400670886685
13437074725838586576
13515356324073851730
13537374080061612057
13558717931179096008
13719736179913109155
13774994547846266297
13836822088811753383
13853162369524541641
13904450712724417478
13984670848819043735
13987512993418942099
13990626088446117426
14003767585080750360
14079767324248996627
14127128688890264527
14399847704102221562
14469066893029894968
14513111577011283548
14529703121830397507
14533199162121787733
14561915842203136139
14638958520170914870
14683123431498100551
14713611690646973376
14717494528136199500
14751027539336101132
15060267858554668408
15074233306571511814
15080369552389573060
15135453071376926992
15170423615708149958
15298213123617758228
15352627529956005182
15357865769759731311
15372456532737872478
15395735727590638717
15439023250440978139
15446566155488518677
15726874511311081041
15744190559600342671
15750413896273651959
15776289999851546590
15787187637248762182
15813553686643123526
15897831312927299866
15994605450934041206
16092329406063620385
16156028054472168167
16223190154474866639
16248499613864628039
16267712848775027725
16305299587807566574
16374326432560284510
16389931050655928942
16404674745823601644
16545486611348751826
16674713208717593021
16757102212911060210
16780324224970327686
16810459342782551467
16812493455187411491
16819232349118551812
16844707470773756360
16849517701297535856
16877901912986902188
16882797225627621587
16889993133990364145
16954860487369160747
16967021845683870670
16971434081674462015
16974264771158717563
16990794028093228189
17019221595668718135
17069336385757175517
17069783108623416050
17104052608452671550
17124173221848750921
17135064447171505098
17211088922788084489
17254881292975889824
17266263336752681106
17271033203571522440
17421935826736731971
17491330438304556599
17581203566594416659
17627709581864380414
17631623343105048312
17638229775859289772
17665416665626332287
17786089039856330343
17871253548964647898
17876242568818128585
17958990424665833940
17969825828028139188
18006356359499351863
18070520293067526391
18207044375037984651
18282444903629862399
18316155449789912377
18333657124791522309
18341294339162066261
18464217339947132776
18545597800061988653
18751121031278440519
18777790848198564751
18779353940745397280
18790812336018827841
18800018391332865063
18814653038303435943
18832562897987926610
19018410603917963409
19240778657647738947
19338077740381089041
19362282984805406277
19363695287816906744
19365714169274084059
19394688816129601823
19428353309309272997
19494058635091368347
19649461433663444889
19681238240418460263
19747525470732461742
19757365922516626022
19765637436732396329
19815346726055581847
19861618357158411635
19864407039059139543
19956542523035784599
20017103884017029218
20153630533365429373
20292220591046679760
20294600210420769172
20305429798288564417
20417176133622709895
20418092532872261370
20452494805159456755
20458279645859688943
20474509065001671654
20542416358430352916
20608635938312886023
20623315841052348656
20628080000158449029
20695702091783246136
20701424405161267435
20773912168970173937
20783661103564770916
20858305525106747405
20965428913671811091
21191069787746238470
21229475717194927873
21276961847737828374
21295906256027905672
21552175695527906649
21630058002035219639
21649191017160798411
21652505411259992257
21658665026953863494
21671251540153705985
21679602454396615812
21748089913990182719
21760932920721296883
21835140974161509718
21869991141446246353
21871075628080035099
21886992549885770880
21895553707971520975
21921708466152548307
21952855207024492391
21968612615178184608
22048702940989898205
22129362651195515103
22158714771805524243
22179591695460424408
22221115658117950346
22226423120930960308
22337363444944416899
22378448298891590653
22412697745932308356
22414766074655105729
22432650614962391742
22476006983584720663
22485111005640402293
22493855385680916690
22543078231709811107
22549555416621524013
22625627264698108358
22646895506480965718
22658584655968494602
22668321937395561018
22692530603292169074
22747488390356654716
23009548335189710329
23011991296710056293
23116566111581600115
23144764358702220408
23211783655463942392
23221776016801586307
23267118383631735274
23291819186614950744
23330929701336539808
23394702090334069930
23412493827324226201
23450246811494903947
23575796529728314330
23599238840968538207
23696806720616554859
23742585240130914399
23763313170965551249
23763610447341666720
23898301942507415848
23911697606453568283
23924754404343861154
23980292446016309784
24026426489388237942
24035746061213615259
24041802124689580900
24048313599802768111
24178561523758799650
24215368026677015926
24272194467969134850
24308125803139172706
24436481345053863502
24466828058982154929
24537404954547753173
24631345986222794482
24644665712027961424
24926315044483131480
24937077276613388958
25005446821657788808
25036272394117283204
25081924807649112436
25140923593921338718
25146538410039836647
25228359615938334917
25259318228905024276
25331225617639336763
25343837880870551442
25371356473128122883
25380363473528423210
25418282226961043101
25488044868676534823
25503135123680051990
25523458817418726901
25564075640906728630
25567907903284298362
25625088111316803900
25639468941562461746
25692090125821929938
25698338687265084699
25804790306582673067
25819425413535557828
25870169909579420054
25898269418151593707
26004011244380294765
26050510166624416824
26086817102342665566
26089303838470619358
26172402920594963479
26212577651392860974
26317489834233188917
26335951578286781633
26365918031577434056
26377804066387273190
26383875724010081242
26506904129775711767
26609814021535961791
26624858728321555574
26679680646139881212
26718639037032225250
26718859967902079152
26772866730312663783
26774476277497471900
26784831241895209673
26797074487037137601
26799435057516832508
26800252222889479744
26855511000742894040
26890821069291988190
26946639791388882035
26998661726773757905
27051458044810416927
27162713001447690147
27200691523764614912
27202269163212406300
27241433535009911305
27250725435516163301
27286977737098347554
27386003495983076010
27417616780417401097
27419504686518365267
27425383992637405642
27441255554198054506
27495825523195313137
27505944797300922689
27506898073256719635
27510681446180648879
27625192747810391452
27647647550447644825
27819339376055608971
27896637009524662899
27954363028736812744
27998155559304388522
28130658552453119309
28173791935781912905
28176429937079022774
28212041954304909271
28346050621398223677
28399236497897691004
28481568403974832316
28489709877354824369
28511562344604177049
28555287181547985974
28637521147723288044
28660204659365005550
28695458574390751125
28846799166595309367
28895700512785856184
28927968935229909321
28964469597405683543
29002163069272550955
29042325115410591911
29225073065799232742
29339323134505729479
29352580904248631912
29357165084551796621
29370594544784599399
29503539845492661299
29689520794929720463
29694991978064829712
29772379658774643850
29803133928919912456
29838758960591709414
29842846573667337044
29921061303133536206
29952369374032873688
29986018282538091565
29992030490982956028
29997201476118339109
30065591243015074160
30118358187959434303
30135730018576365270
30190240441290762714
30221137358027531017
30271940578036859781
30327867754909400377
30371545054278591632
30405720683376274784
30443999791767703610
30542333705771703877
30587273763954765215
30628867594880640656
30661064033407375221
30679035564686038698
30706168209708843084
30719562065926517013
30724162933820219301
30852459619990552136
30869358716730239864
30880276529526512598
30894176185809675353
30911419358630158168
30932942503649169327
31023708534980727824
31023708698032520414
31025790714097408000
31220381306172996084
31230357698671645191
31239038637945985724
31273999752266245575
31348084816208887809
31556794854098824145
31556886121294816993
31570380759572913440
31644807273100570552
31701103364078075647
31744754960265299241
31767055689771185455
31807097747643884768
31856763114486505929
31910847596082911559
31925125754524059519
32019081236162142503
32029265188094588264
32051091535778664483
32056566859038386434
32057750237303637409
32275065163959599769
32280569442417897504
32281583306025639921
32341114353135568453
32349317993082933229
32373966672808810796
32470724883085262306
32471028877642126994
32478813898108718464
32487844679452783918
32493485567943485297
32539448818447958992
32681336371891985410
32702939119341611091
32708311891838324207
32763338161941668380
32800526068341663021
32993522977767682925
33013658766871393343
33083392244638275587
33118284529403886594
33166949551847782118
33217766962284803337
33236009172283177488
33269640055819074655
33430811921598499546
33449608042997871444
33512552486109428162
33649555626466328288
33709443038848939123
33759624271323625195
33818914605227538850
33824873333228980979
33835907297601184237
33838608511861000583
33928287901685413242
34085950526931157897
34108193163166767095
34129767659621134353
34150459835032335928
34154295357974797643
34197565938826570207
34204800322514836327
34244963358561963814
34291791142285075351
34335506067660030347
34487155036856898556
34534176753520729140
34584705764018123980
34754444105816051228
34771479404609114685
34781738829725015353
34795370455439478202
34796599833941910244
34804784128509339248
34824459592326770232
34827112635345627164
34858076999676724205
34877931995493874309
34881955094536700306
35020731915510913215
35055872481236224043
35070232415561999144
35081448118816554961
35083722078775825023
35100067250873809548
35166807647043328872
35179850024494197147
35181420696559585227
35338767179334532232
35343802313521729278
35355633212037191741
35369636507975780496
35475611179510023457
35540009431028462585
35543392016955610035
35636785151467408685
35705033482676923356
35785195083724567873
35824465548661425714
35855224245494183921
35992839478062555450
36106320276614832030
36114433137547238054
36227790316853271175
36260137464813695418
36279177498913486082
36320618434862750067
36358045710505642883
36377045133230363743
36385357422304277706
36451387259183914410
36491072203034932871
36563230496199607761
36575371465003194658
36641945873517823825
36674797348590516669
36710718973266841755
36755497504172990331
36784896897489979225
36800023907427742276
36892871626017856181
36898659177846786534
36954265802058408908
37038769473408524601
37120487268121406416
37212442225081626334
37213170016991937704
37213313486167368504
37259161206891664038
37260942427791534924
37294130367376461319
37314418880306483525
37314812620769082498
37349223606714406576
37361179091594192530
37409493163333596308
37422153963997144131
37451633631556810409
37478490011246535448
37516337864011664348
37586947521816143617
37593173840726219927
37605965658054942442
37610309540167211883
37686456256965397907
37757098090840332619
37778256305154585157
37856962434830084428
37906331932954517502
37955812940009072374
37960369847697581485
37996174640062250890
38027340288979646643
38028415115907785714
38084232098949437915
38085376029804938750
38265995039743961860
38270530879603870452
38327501894281047902
38400087063451330472
38410721191449491928
38473563081203843889
38478777827528088122
38537084804373937598
38553855629566966908
38560138498270357431
38709018779928661907
38782815734188139942
38809179589310003291
38941534494117181111
39048409182785261226
39136434808140284922
39300965634775929394
39377705794768009738
39433786813485974204
39491075625943055747
39557318684494079814
39593985974770294768
39618227145129357080
39631277173824899576
39644523983225710193
39678090012761484348
39790976677411836857
39807883460343189424
39812339122721968185
39905267238727372885
39928069140488619733
39984350054693214612
39991265554405673145
40027998031197888902
40066839413745291607
40105457637002461527
40205552272761738520
40259819409008613092
40301298084326512444
40393483947416028519
40433068528045770900
40477437157777086438
40509008261006118637
40532973842225545392
40652050594250697929
40660259668393634300
40678159847724060683
40690369923972566699
40730197962682436034
40808363568706307837
40812482654461701860
40825943890570400427
40884925532125055123
40994631972926613508
41205399371333420411
41217255983337456488
41225803874380928298
41238292694826800202
41254365625758843192
41303410351205947643
41323534830451839609
41396882357860358633
41420229892242987541
41514320244823667063
41521091129259724397
41537969164354724811
41545391484852123315
41563939779116345790
41704463005890368115
41741531372827190126
41824647644316320950
41889282334261978324
41891431501335847329
41907093930341895584
41923693630421535142
41931853237550010417
41985953515046895729
42028330743906492472
42041034323321319839
42109977571031115895
42125884295851091862
42343336129977719217
42349013544015404304
42397152203215797377
42482708908255589407
42537497282407955783
42549714679739045817
42567306121454344272
42672350787852577615
42777580883811566105
42793106297210721729
42822939506757681474
42871296989709764699
42884374582630895574
42886881480799000772
42902783177963177961
43151004374740460803
43151987594666242073
43192410466604546213
43238101537657914001
43241546562452561636
43259230777332606251
43267409466002828420
43383587453997425447
43474315766793508979
43531224762914725059
43539510464607281811
43577509595770861456
43710157444701314626
43763436185165418263
43886988335484505453
43943912021114033833
43969560570450246572
44050715843055646342
44066475678007466051
44237504404709691077
44306036715139104425
44312212722473687423
44315417391528296542
44366668007534824849
44425457891462971724
44496492363294888262
44499792024349738688
44509342835652753675
44605758724383160984
44646206804250079718
44688258474716509271
44714035893034362370
44723681775279857206
44725604109662363642
44773619679322715152
44832710571394229768
44835750460674664738
44852822729936182743
44937006278997934069
44954619292951834104
44975120286983738311
45060172778775686225
45067680349234648947
45088425846205259132
45135756350468991156
45183730489659081670
45339715518951232720
45366267081696655730
45367692319375973872
45422955406948696937
45450603884414202883
45523012255826198396
45609721404114710762
45652802611946202982
45857930221035513800
45860199112166865120
45953794661193861912
45954282521046756061
46001297651252541677
46019811848942701586
46025908257677379239
46082053237173755565
46103697824289105253
46160992071004918550
46176098331344763332
46200315126687831592
46213440497708589801
46234134168847988853
46263397416856906875
46292136106110822835
46323898739073689025
46366506662465351825
46377012043623613061
46437100085848262851
46496242168103888591
46555529860306157321
46559229827668252020
46605730304533721570
46614640340869149570
46625875607832776725
46643440395029883314
46653261334986283079
46688255128079325549
46749205228331651410
46756541994388884725
46849081889014742346
46852390002998346286
46852906134829884686
46858255503807947342
46862847684613029891
46943389180080657661
46956010781687370884
46977258013440272347
47017292782674867043
47046475109628780158
47050383701917692456
47122225136017449612
47129984008104931908
47151226344417133935
47183856152380667651
47193006805098894620
47209528224561196350
47264119687069602283
47282782607162274061
47291454384954628236
47443818106832736328
47507974765415124663
47554449254324084069
47557606108101033959
47599596322973635688
47634779105520257522
47745633746361280493
47779278744538364174
47786207977255396727
47885697275021965619
47896404830275471701
47920245361074117803
47931267635099410579
47986454590704642246
48040960442000242298
48041940483078184598
48080841362619110763
48092905452624084948
48108236953712648653
48211374115936747110
48214071106885577011
48229914356498486830
48273687589962916266
48285939281432874651
48300797058276695967
48375868031528774921
48450228559230620181
48458939478918166866
48461989486915880912
48585145149195555362
48625236129420475684
48642302378682128516
48674265373433527619
48734906394665809788
48814644632853628688
48817645269227543135
48827585794729112604
48830619013624806709
48869502548093267819
48896366733315454855
48902533868231525662
48907835125876816435
49056434686696471511
49104542762912334656
49127459660801030046
49340525552677136891
49419569907954690108
49489133660770336123
49515014554800067851
49552433403717282491
49591329337969872230
49598606385598444533
49775873734460192608
49785791737076671026
49787049914307656764
49791082990304360259
49804836393429870254
49820081986377836323
49830382796031768730
49905559511512601430
49910321673039820040
49953889701826550699
50047808468239773910
50065247792089648036
50081193218017956639
50118457902509441695
50182924674128581517
50199920545839063356
50240682416230937823
50280935639004968790
50285065157014631973
50291967566399297561
50364918004991557234
50404674033493011371
50427888058898108759
50480251764303471304
50520502776906210377
50689055542455503276
50716880159188568709
50732087070175988373
50789277598948044684
50849747570125193295
50859764493128403860
50864858457036281515
50964359579372161226
50972749478707487783
50996292702545681830
51014602373168266644
51041702218148282300
51048999738575650564
51095493967449013727
51099060340539143434
51176940742913245947
51210080836709379261
51231278397949665152
51332009425289326739
51347481497618043910
51390196131399865564
51410740055235120165
51414511248242866260
51422022111849238697
51430878352980423769
51488168945689398103
51547624476476468277
51584306958758269080
51604419378801135751
51604684902957579707
51763181039147135196
51764207379807751991
51770847095958674944
51816745694179917929
51822412312664985816
51832987787094514761
51936000449975023418
51962406845941150913
52013200253393184857
52029965370589199347
52061561941457246931
52072825707601220571
52092111252812805425
52103852604754571863
52179245453386804309
52195091384428089286
52214470004952588287
52240105299506418635
52242922732301805587
52253011250598079830
52254109150806161889
52351401185654845273
52435509307121973579
52511977395478637226
52536227686984086917
52574410106594113387
52704917700129255930
52972291067164200491
53026548467589065320
53050267251294896810
53112100247964766463
53124042395254336046
53143937636509108978
53172004786026616855
53217019431355127815
53315467434128507838
53357652937069891996
53511305191506163373
53597742069641958567
53678013382419252201
53701870768089898983
53777717931333988320
53797933745783917291
53929130425531742927
53956846035225776741
53985272399927527056
54023167063511437334
54124215384968581949
54211885904216251840
54274260109744686803
54287271557238141016
54321674519196394314
54338808960808830179
54481334293171716956
54503222387848512835
54532688894351999024
54534079292591465922
54648625030748585260
54665526873371598975
54809241891606465874
54839123956477009312
54846438156945647686
54865800713381938514
54958521976767342772
55012045153845917317
55076925995805120193
55225738325529205677
55297781691321945515
55309434345043010338
55394955445011415943
55421867391517475611
55493207534209278415
55558507520040713772
55577078991150912936
55615364640157722760
55756990342075027933
55848265448048120243
55893486349937884816
56001316746209878896
56174068012083891485
56311390124941086169
56329796997055647680
56382106024091250285
56386809153879664860
56390353946518606683
56397559032165731150
56401224630278323930
56436559642587710270
56518190174015846574
56565884239134765664
56650155552190411571
56820761385378910008
56903284221611373256
57015284893878765820
57031287236402688653
57056501080601451473
57118329831132083209
57118662296464663939
57128928856708932176
57266816619191048879
57268983506892362662
57345412321228038723
57394168740364772450
57406581795251851636
57427209719769544440
57439519083631097791
57451941926769475139
57465443041573884096
57495269573722177248
57496575004709462980
57506014913558130772
57522684919053988949
57598043178404424059
57624912118774325361
57627956354234294876
57707842798326158632
57736793408948199320
57836536261573763203
57848809692658363997
57939982854723481298
58014347101987954013
58102985376339362084
58141245415217603909
58266585655836778837
58278420038578361315
58405090325927281839
58494574922452075906
58501015630294060334
58551702310976149757
58579659750273340268
58584414813295018432
58603459915220111804
58658317330226207289
58706736002256676378
58713349434435561023
58714149470113269292
58730911673789953367
58811552034066101792
58864397066390860842
58941280371618475545
58942830543049405228
58953702529028721182
58962055370104287760
58986410333968072974
59016864792072982085
59053756164913455055
59218262687079458826
59242629660777706516
59250283711885358902
59250858235734910234
59311352679184701765
59410850203333599943
59484453495068916689
59486291269108345494
59533158353016521482
59574501752680329571
59620002367163644572
59623401177173642612
59633899695862416784
59637111624546708446
59657521528135838810
59688457178257477423
59704863141345693900
59706185595984780932
59746089795864471275
59785639516023919464
59786647591964913923
59896178575162843188
59931900803267785732
59949612841676066751
59970666173841293867
60172300589793658505
60191767975280217796
60257312201679671114
60277582255087903226
60280223018887326558
60287366016223119731
60298506421404625718
60308236803513320674
60338716185354611448
60382971629988419869
60544066537344206701
60617745411298374338
60634863860164645612
60664316244390125738
60737491604032611415
60904954197150346748
60953729029827831559
61006367198807850313
61032262345662381696
61133487817273610873
61194224770812584076
61210122546172683247
61229362397052910178
61235614980551314715
61254818745304654512
61267323990813948245
61288908734496884742
61341361263918489222
61363140974755621619
61528318125647041164
61549812243226036386
61634382027214333321
61635206053281728339
61673770161046875545
61712901833798429914
61735878634262705333
61833436917345804377
61903504717653147235
61934474135278333794
61977177366745554913
62048713193305978633
62059680037751992917
62078941611711401967
62147512750174740602
62150434175611833560
62155952979765994404
62156813260006556380
62170676214886892481
62236501084458677472
62272524672225762131
62304818071581198249
62346958933565660820
62362756892169773727
62369979507846649480
62385064767070485695
62432402277720905852
62447012935402590921
62472272022202949883
62566142541320314900
62605090865878874663
62645706652492616308
62757715816385737686
62772873889365055347
62937606135222358831
62943534317055065609
62959519160095741386
62960091530024608656
62995468142684953880
62997292718006459758
63012879653488098962
63124305053843297638
63159809454885087890
63219522649559560404
63265912812807742844
63267039437182841561
63275904695609495584
63290491715130645571
63293512244080312499
63308272415398171885
63361937673871400308
63415134292473105572
63439873104513382359
63526651794359102352
63531700845541181886
63569857407341568677
63572231886985510042
63699760480349908729
63760854004458209626
63794708327023161264
63903879817379386968
63932754087518233461
63970137249337087425
64003284956605973823
64014220764967110050
64048300611458141920
64058478632609608248
64069192676762125190
64072124564000835285
64092569424251976706
64092680672120957070
64121664085943579550
64175890521551409604
64193617868189969218
64215401568601683200
64221434254308871778
64228801861863314406
64238821348152166617
64326419396551139295
64359869065335854117
64385753619527760232
64428805109214054374
64542272462338498890
64563605538961816918
64565011458381249214
64583398307685400126
64711611082828284977
64716349971010840897
64717029022844960711
64724731139611954485
64727259627743417005
64766530363352195938
64857115241665004025
65077926078559913614
65080999468422888341
65134752353787919471
65211541970122099953
65278559791088580229
65278600803972866786
65321505260068028563
65383547800484190895
65442245408362282451
65457490029021142594
65472253967328505082
65587459810021199550
65675834311936389810
65718825401206050819
65741151411994558422
65747739525658466811
65748720409538903832
65751815292677953722
65777280382965630321
65789603632239418917
65795815327952695128
65884785344320630713
65948745781348686482
66035654107351528321
66148806992735826775
66205811930218676658
66221188201839682070
66226451143924765877
66374706499632985077
66397531856910796608
66416551341518837974
66477103402477981117
66529636676488903502
66531099061910746353
66539789777946198433
66737975070074791436
66863949196297540341
67000087857521750485
67067283309604958945
67074472226076078226
67156503745362184651
67169127089883729408
67189550753226690462
67228996112555252046
67234487011932335482
67258825228182469198
67376958524999389190
67434701232041827526
67441711060090262431
67454215347698191398
67527099424541677040
67532608337551591931
67558931236411475976
67668380369821077074
67765850015185839116
67799332491776645620
67834739335462936305
67856558644707934325
67930013733129933165
67941145283291921338
67952188539319871167
67993379781915022698
68037074893416990247
68037448418942514451
68043124224717228504
68111294435722258757
68130484922363075880
68186122424338100495
68244894052927746774
68245809682921350379
68368228050346401809
68461949269081035467
68570238948569814675
68601746332158715216
68685998771187158386
68695020451093543181
68720257016295004038
68782456117484435360
68913085358180977579
68935681591243729113
68947271593713639726
69052547337617015263
69136289250315374711
69150764106638045346
69172184978682797048
69199804216230049426
69298827755895281775
69372049871840125237
69397117323356843211
69540541207795668584
69559485196627046682
69560963388391385502
69638230112977079406
69663720285053286381
69695683786277368542
69757959744167823319
69762570737228655716
69857421910870608869
69875597262376032259
69908925224269703270
69926301246308887320
69927691554456809066
69932761159708597601
69960011802495689025
69991778562581304979
70028901546767185468
70073770769474251365
70147234305192089247
70247302105221483027
70284809910268754477
70298053971577920861
70552384238314325966
70576077323281724636
70677252825531458111
70697873414960227096
70750308476154110807
70839037518075450513
70995287827071012747
71018420550627975265
71020214849381139604
71151230497370326989
71167109916203995497
71178532079990691373
71182848609592681723
71254256085763063918
71315717464832048794
71325456546150362776
71384372718945516808
71389567833771908289
71445531523221632636
71455544179330294451
71483354977433104032
71485799811588302668
71596469932716870114
71639199312067013119
71661877892977700128
71707627111972995318
71735533313949557087
71737095241874580826
71852550956635278399
71927248595490048788
71945047187915381296
72025698499875831343
72061533697577203967
72151856824415005750
72189157494145971620
72268567185813713829
72394009977867741093
72432496857430793226
72495307967567440434
72566623192182901286
72591262020133060637
72599786932158632384
72684662501102741411
72690948735075463605
72749773766097720481
72808614823620956601
72869299705095929686
72898447567227939702
72904709246483133823
72913093319502212753
72958120068078844158
72985751045523043755
72993370471321617091
73057017625951615110
73129438554257031514
73137549501072271809
73171097139586376034
73238301229041932133
73245608990633106186
73292119551967262035
73293664970669254981
73322162424633691209
73414473438671357028
73451233662105806716
73500317395606035061
73545393057193433778
73600055960679420341
73601357398475125624
73602415391259781824
73689190983610406752
73778838328007469794
73820076534958394469
73867629864240435084
73870776226758960236
73928964018112591311
73950464839327741858
73984256081252669230
74136087533774315976
74189461161980627424
74197344492364600048
74276218275027933581
74295871160892718855
74317364451918899713
74405448468949501575
74495035718723689605
74549777351040712818
74724700741185695053
74763761179527001826
74799838108033164276
74848394483404373279
74895552515185328354
74899086483049352433
74910819585229455959
74936592610492359332
75008740235522947161
75039028929376758099
75235804795041163572
75276959711850546820
75295289565025609758
75318489533802288919
75328539541326693694
75331618801985157730
75443452842916918925
75596509119931671081
75623086163265631866
75673610728226545840
75695472586174522910
75742058369225454709
75772494579336302789
75826327254362005457
76000325619914800543
76001152576763801080
76048022281108020514
76081849203385818982
76141699974058348179
76207039412827758024
76317202155101612373
76330715905288355289
76390725651003407688
76432734667529101013
76471026348233254338
76507542074977776885
76517383239415324353
76534838718766060642
76628164713003593128
76648254098098577401
76735317306929467362
76749921795936698462
76837415949329298341
76842938305899293037
76970190355698669357
77017745691875906541
77064113267918966042
77122727257456155630
77156737519102252567
77176106508667601594
77179658494927665093
77233569210772714890
77248878574992010616
77252964661805081581
77264821352132482420
77405752718869399764
77418983365866909669
77443644652751039790
77497563586569755183
77633934309388620555
77655852655785242600
77742010643004692331
77771376637495722431
77781870204391412649
77854921560498728115
77931553988532118339
77981088862792851639
77991277430838553763
77993466058187274292
78043843648498039221
78044402450915323983
78047351389945945039
78057839780270639372
78133828399994878429
78183039147191888150
78208329376438049512
78268869298141873621
78297217250225463683
78305641239992023840
78371903621560147178
78393413370131867625
78413062769625653791
78446282494726086112
78475769712970461436
78667103530567932554
78733487529486494594
78747938912834339162
78756982357987287783
78760010381639839946
78820736489090273086
78825353781828305431
78926304466533515461
78940698290760980439
78946521733421347585
78985788344014010155
78987786770188639057
79048950449953246292
79083745447985526694
79108794679458037308
79108961037163101723
79123574126137866000
79131681442267773885
79133892048499971711
79134372799918113655
79183036769247092771
79201349627273315364
79273834245420407889
79319411152858345422
79322449655072756738
79354164288106317579
79416035409309989212
79418229176706799222
79421807047020548796
79431116993474169095
79520315800920755779
79523370428492645880
79546257244330158410
79585544549426538458
79631258935296265518
79651349210458269128
79654127714446314152
79659014368476336398
79725281960561899741
79744097689322843301
79776121481852607272
79806328027855552080
79846980021007722290
79938944263199349978
79968533041784845180
80010691839632616406
80114008274070883589
80160705347045018923
80169557602218149959
80209515014896464628
80278668595381005840
80403037945350960968
80476455554665317339
80743942088623494537
80798923491197472191
80992674385492752866
80993595851343534378
81145138783582607249
81168711169523625129
81194117982736846672
81202076009448760091
81217403851582701919
81609391882830849986
81634564639296667255
81675271693640944061
81696422700113571852
81713161392167820811
81735890386846488167
81810769888390039007
81823437851162736733
81849794798305526199
81875679445619412218
81883266818481912942
81925235693315065489
81963674614191877447
81972187355990942087
82018696575409200955
82024074161034395230
82028667485091242206
82110906701249852324
82154294856244598966
82161356450819600712
82236930691124651700
82246036007646111254
82253673492129409150
82329680749416837832
82331883226772026135
82362299532741718449
82480504584350876407
82508025470767171014
82626788513966563199
82743367907629073183
82849119980073762252
82856235490154882574
82878395668952560910
82946946939317053668
83025060133497535753
83025282933016450006
83088447914900231385
83129723948186393249
83139005892513688244
83169194579114419504
83248160352211363877
83313357129810308754
83411221011433266716
83441452933567959698
83503995677422125895
83572236897892486749
83618065767179708433
83639062317421940254
83671042656695864222
83713242058330542896
83755119772747665641
83775944602178915305
83933831325883851345
83938219516129177974
84035247188557012882
84041070903930692590
84048494430741993011
84166887409207512603
84181417991649691064
84227887198107642179
84294265554385159090
84295905760271851407
84319021833946192100
84388111612746942245
84445925632979233977
84562843957712619295
84582699507274458476
84598771280288101052
84603204680911355478
84691660295392336406
84708227020025538240
84773992793523014026
84788277076915569681
84833082708069305007
84861219344884284219
84902010332079622679
84968788857325414729
84980472063082228961
85028768153021562656
85053170353309786114
85133211360569784014
85157123791368606349
85204360999562113549
85267489533801051602
85278054817013324589
85286211002227232199
85363030573113227052
85364967488792570574
85398653033782404191
85454686705356901118
85461525800922682349
85463269698535746087
85464254447187616957
85509648809441637781
85560804181831197104
85576582187295578034
85614161543203750332
85660496223844956819
85710154090254871525
85730476298579415844
85736604270131362008
85742017549479445440
85768156486180907960
85779213821332378275
85792344820853865954
85869493943083876116
85876832169824243250
85935003927376909678
85953740892323757458
86031301447390012072
86032095468687365012
86035240426719902117
86073356726074552618
86206611763436244939
86255109213452366832
86406761775242425620
86421705850507666636
86438300362380089188
86635793369443948716
86692694518127616357
86782537592060963800
86790656177439911841
86791265293427531478
86813919637651558579
86892326365391757095
86923611727224772090
86949854846918637489
86972523449491665770
87035767788287807611
87069706259006599127
87118722943771004407
87136938612168753758
87234311173064840098
87250965809133135572
87495179225113487630
87551410564402122468
87580301314701133681
87615708836198482086
87639651074818367878
87642663412002671930
87689355514459703626
87871322720739996920
87883120110258027187
87989077712814393639
88014475117878092191
88161712493170729124
88206138909685953719
88229087554064307932
88231475052655551264
88248187178722196229
88249569855431096413
88326901387452159174
88363640532367350362
88438061292859563578
88457289421834945051
88472073623469486297
88663069238089736973
88711737374134607934
88724720998553711320
88729575860986645621
88738916312977679731
88771675293656934525
88799851310576425016
88951412703059277039
88997908318004239312
89004194353590937028
89040534715528238711
89090118078165550388
89104359981903971450
89155788831344421884
89159578209118611020
89181797722180678968
89217213772109080806
89310931088939664874
89333112801984285642
89338170852157540496
89355303679529537042
89391640919253784876
89539275561307328016
89674313753613195198
89687632163786183070
89690558174667343172
89737383527916834920
89740865696928232970
89812650865591972919
89874607574593122578
89903968775563703623
89909257231533723606
89922128956431440271
89974518201681081238
89998688831574806462
89999330289801438153
90000127935379300487
90032447984635497518
90130667567647549901
90283940425207063577
90364176435744768604
90422491700007213056
90465231996074820339
90489248785855800337
90516861909109855254
90518256901315624203
90541099304471303270
90559488893017152770
90562895950526296496
90589619545422455612
90595724782985228952
90633616272168831183
90654538380632892338
90661677154999295954
90666387225762710912
90671702017138254162
90706884281625807957
90728690714176947027
90820400954765142462
90826797672051071343
90832270669768109575
90846054054255839352
90879831594347620922
90931180903831234372
91003330313790701872
91045299384609799487
91075727976099836623
91081889110853660137
91291639334411669802
91318915965878895147
91442174573457279605
91447558539724890280
91453698426879623352
91550711450484448283
91602776997384788313
91737898384494064330
91764773012089472387
91866546245555523695
91977385553306138522
92188357816847740421
92230756064489402584
92271221155266213536
92283585942855108943
92484245970908722050
92505287394889701325
92575538497684433135
92580146198870254106
92657109953724454278
92657829693677711112
92697346972671075265
92738398363920578121
92760646982242214999
92904243967059525633
93055730562267241557
93089345426257997334
93114106880757497713
93139435448304659254
93193482686923882869
93210099581909101684
93212775285569151677
93226214338392969326
93251612246289717130
93259477369281883788
93284192655940275188
93391217531234605452
93441934029191000310
93442615418263360054
93465908906159848384
93469354808479622682
93501377365920489891
93515354919544475122
93563301314581416174
93649466849974095763
93737091005909043352
93914161120524294880
93938165848203483309
93942681165786954607
93943393769447685902
94248903473146998987
94320837804408544378
94360853654483025800
94376594650871058058
94417141655579964901
94426111377904685442
94522868629258921296
94534664079071713550
94541512782144541026
94645980969289023538
94653179211738093536
94693436411763042421
94710623142808588042
94773078349079878258
94783067137400177526
94795029972676799202
94823667532772226413
94851676278010373164
94866335556633236603
94920568901040285763
95023800878666390040
95025153155613915185
95044809481924666984
95209417742120204855
95271177449823118571
95443634065884838650
95470820098277239030
95489576179731087411
95543392401894282082
95567094410727437700
95583260056844632049
95622194333721097625
95636002776649978003
95702912273854629078
95709326593743759598
95747670022249861297
95758807360043094793
95811446891628007786
95822362392975645882
95866791566664663079
95935180834998691015
95984316490054315600
96071139760091936773
96163976981987884101
96246007375169638678
96259737386376338377
96415796099414938814
96581363754789983220
96616588931757952583
96670300052837094284
96706564805490943937
96719278308488054459
96814722658156215417
96873021529989120997
96878511492986100793
96918270535077689293
97042546181841466093
97093072567941434543
97195217954784306693
97207808463342363206
97218184618580940592
97245164756786148154
97247676727889827137
97341771043534760173
97349543782733198506
97375696574062740256
97409858418342152214
97502729233588129905
97516138886473552722
97517646941536185060
97519290455346728896
97524089980951632878
97545211146492345087
97637934000934181587
97663728429408738882
97681849317695701773
97805274983390929939
97886743098094723831
97913062942825446375
97940112085162798102
97960440169404255099
97963557396784233927
97986977770673846547
97999967203100346221
98051270639564600466
98076961210388142295
98205483623161650761
98273466547759274431
98318761339222139930
98478416396653977697
98498482257616229183
98556279792256444413
98617454753364727963
98636556598037551235
98679953005118473442
98704844653981896304
98738830250768904252
98764024093850915949
98800076048814431358
98822464250815782816
98867833708972647606
98896620595977343964
98897951477914155333
99075471828927013024
99175169127472089690
99225616090967083843
99245059888135595213
99362024707683656624
99488889059486391622
99775752774292027899
99822019820580113015
