10002499677930082085
10034461529887660187
10075089807532033061
10089704834987187836
10089805339333155409
10116030137372330616
10196163194697065679
10240138679205593461
10289501553773323226
10290810554209174122
10359382094521827106
10397616858786324536
10412871216632089680
10421555531846309475
10468834760406160540
10492779077134606320
10504370420389568614
10516667412838294963
10575518080959014848
10595820784359389150
10602652111483741688
10638731127842958052
10643414962669691900
10654785375244546650
10670387451078169336
10678179227702657036
10681275539667080814
10692017641155890928
10697926777992419295
10700760435183171657
10717308800120289132
10731998765986694895
10734639112567076806
10761397945631032339
10895972478227391355
10922880062123592422
10955623378297795269
10973531355178944947
10997465885801973502
11014732133954599581
11038072357877543441
11049894771996161356
11056429218727662560
11089494517538660322
11091862960856477982
11107138266242794607
11155862280479965161
11164998384576398794
11206399341902195448
11213826694367655662
11244684382787474630
11289644503171324228
11337783007778867337
11348509256976424429
11356896322252455539
11366017691958780524
11370677011438510556
11391351034170094390
11405270014615852562
11415215398152303058
11431944866217141021
11438881121958544788
11481156250361242302
11528501605349200358
11529368367712726702
11539777001482537153
11545136041187399693
11561975302550696418
11587603445762910663
11597527586370478702
11602124193933512882
11605517057587178827
11638689915957931327
11641366532960579669
11642944725294222377
11655102459928268530
11669276936503150379
11717069450366901397
11721794792974065641
11724383394772054155
11725305134246868738
11733191764895999876
11802292762445848686
11820688701300781312
11833677580596817235
11837541359822255090
11868058226601288872
11905935832119062985
11991232524720886443
12016432077821452055
12029924848741870392
12036191373134076551
12045465674524792177
12071064313013675924
12074433491676062444
12099913545406254350
12175303550820736592
12189914419454056336
12205753642683378669
12246840480171536983
12265856531501428204
12296467998539037086
12341883363948594538
12370529671693223560
12374686827003229513
12391273993176961185
12420087373986584328
12425532747498463652
12446124015229565863
12461380626929057432
12462396370400068436
12462400097082881586
12462699939320239291
12465996994661767264
12512452035835574298
12528394649429922323
12534390558444902337
12595444543637208301
12626593534192892012
12657337838805168955
12679162799145391199
12701024165168723196
12714141581052768443
12722090398813087666
12728489793061916661
12733955839394865329
12752796434282684553
12755078991100245719
12775365278251712235
12819898456741796759
12839210145735949637
12846124735785156581
12857837647562753542
12858371983603185555
12880773515430898326
12926585513894770919
12957381508812916620
12957597820958522782
12964055212419917161
12970910872728414569
13002326569220148378
13033478375020285284
13045611292184947773
13061887880031039191
13065402400164097087
13088868404326004969
13101188196944711624
13104537940975064718
13108065331745432503
13121172123047269619
13135381580316428717
13177536023574208053
13182255322765512577
13223412968532236993
13242558752124170337
13251205926259449740
13252958610286549383
13258135322762826620
13323468024689823354
13330680728339933830
13385037670537316921
13436253200507814257
13451775474373444059
13473559676798061184
13512721243593085938
13515989322066081517
13556707934634895243
13588097948422446408
13588256170456013116
13639458665945122556
13643294649889745091
13664290283927786683
13681150387161881690
13682204863367841017
13710171617350566913
13734938497025146866
13765056709895397077
13767344892116236580
13774043755713615287
13786249091356253494
13809264085987454867
13836156158080574107
13837089964849995115
13860091764463085735
13870875896560597466
13896765677512720564
13911059576878942707
13994769330366389776
14060849654819109554
14107605259196336588
14117945550149033359
14172053306847958378
14196075934320097799
14201195000142125455
14239768607173147473
14250574647466390944
14273316091313162188
14275356400345496851
14280804423005625559
14312295316382211099
14312562478627800005
14328927089287184462
14328947791325188895
14332844341934129904
14353357125754253473
14386972091082501611
14405397130528356001
14455610568976953934
14509488289098285506
14531156390837570990
14540526509777124817
14543308644771254191
14550281713127804827
14553776072576441509
14617842192075453372
14627699512180087093
14628753863137271951
14638715394665632271
14641755723588912014
14667091117846266206
14675234247377703559
14675427652822421792
14690188733091601278
14706629415343717254
14719303260543131650
14738467170122897115
14781428162198362291
14813895468881249496
14827485453804904966
14848327334834816616
14905797231216918277
14927733583373866638
14955775200358783741
14979453440712318980
14992335032211228993
14996198076024378357
14999997512942522855
15043282015745737629
15049906620702002346
15051118539369939146
15092279358129009156
15095926964096851022
15121606447235791479
15161048757262602596
15242239820327311526
15301173786077296372
15301636853716491185
15328783878148010956
15388579681233517567
15403191766149254043
15441476011748942470
15480471668312372084
15487638841330050360
15488964348582894091
15507187864520832697
15519519776195283269
15530053374824388302
15544802635092544794
15555343148383003322
15563855676761814969
15574947181292125899
15591319491463646359
15683582169341948791
15705005084411816076
15755373821205595705
15765779076643272731
15777471006015204060
15862056029223003378
15890906775397780462
15904992474429931866
15915144172337613448
15931915834870428365
15935236464896754912
15947120067564295972
15951131072938230504
15977552042801319987
15985998025387994848
16067991026013997104
16069306599466080124
16091998908716928202
16100832394082426603
16126964704547079830
16129548795276442805
16135081022034157489
16146526268810534096
16158618976505216476
16159708211978956028
16173720922265932335
16203947079981621831
16217611964102251146
16237470678087253268
16247944100457838118
16253078317272219826
16265890211190896230
16289066054023095984
16297158513135134305
16401943675237668277
16481704356817053557
16489624296083945058
16504281497859335862
16526239180800262712
16532712781416085539
16539419466432710480
16548091912136966433
16572133892958968666
16573885674997787201
16602534482243767802
16612885336593851358
16613293826615224189
16633300482375754315
16662255806252057542
16662896419515769335
16685648594058935477
16750681986201805979
16751211912856182806
16784984077195785676
16843359851380772716
16868725219443582765
16874179844937333552
16893437067465917182
16910978247208202357
16947130196374263636
16978506151629959431
16982860881490072987
16999525529531900727
17010306583594605474
17019374959465922403
17027190386095449112
17050414935069043500
17051323294964642172
17159501387319660969
17166621217721801575
17170147219822132794
17189713733515500340
17218273578090374905
17223041222889065322
17255478396666618666
17293064374408406232
17309964358773185343
17326193240965242654
17334940555987124102
17358806519989442340
17359304168054100933
17381464906617608653
17399202262802138489
17408055767050834038
17459530541981927280
17471612172276157626
17502724389099103544
17565329003629452988
17600567760461418019
17662660475485668700
17683990187344806385
17719556547720315502
17722624664415788147
17733115938328176612
17861447287897667211
17867673322618745931
17896837888649791010
17901053418759556062
17942847446020786774
17945509383919158075
17945577257735901480
17960439804221349560
17960850442644984444
17978190930603929073
17985836557128955040
18033129171744258918
18054477618173338106
18072922744739545984
18096432884320844714
18114610075722973657
18131766952809237885
18134339624054948153
18163065098279159262
18165830533659585390
18228820618125456309
18277747343822980446
18337113404887472956
18356230362848382247
18370614084186049755
18391733747204854413
18431697647835505187
18435988552075066619
18439448120311224224
18440759032472227506
18456360753896131928
18460651930903243202
18474724349445715708
18475333900653573652
18518656392398556184
18523715528175657779
18532603612945491786
18596758374088500747
18600323290770234599
18625071323408103873
18647915361046103090
18652463834737051431
18716172703167858347
18721283167006670638
18727538713172995824
18731110674999945348
18747315100339180281
18828315774953314676
18854844996886952008
18939536553691864980
18964712978136780565
18988361988875493141
19036617092792031400
19070598021712056291
19102853809059165097
19117763960637947708
19125807105318003413
19145594336357276995
19150491869781285364
19157566779015785331
19186456011821213776
19190961883936977612
19191689598750072086
19201469864077365177
19203820298008946069
19216912533643106610
19253249863595145583
19259065442164058326
19272753195250756626
19311393981778825693
19340253436279372257
19354010442197749356
19363981011045367429
19419763227133670627
19459261665767959690
19482396560877145093
19493165452882487521
19512493427205981681
19529903255477118325
19557155077266201752
19573248895991451961
19579048128618256295
19614837473764594229
19630184502885305903
19646037496432606205
19667226836299385904
19682833400195000319
19700627012990449128
19773126861154877418
19783307855150699128
19787906372508171300
19788404589375266165
19793035596529686163
19816920315206578179
19835774848279933170
19887671019603641173
19908392226285695089
19915690337089260417
19972554904025908204
20021373482684042662
20065300064984894744
20078938710352186060
20106162978433863189
20121749249282886998
20151330918395954962
20171526026622555804
20185197791112619681
20195039687807780732
20271944553606956883
20280269516725533679
20285123433948846295
20295045656866844676
20304640395926194062
20333270905391817737
20334628890784333003
20340889037238552599
20350015723622268311
20356642542149359055
20376308264776746494
20452494803303688277
20464496971318087354
20546004808180476207
20558505515521430887
20563067044334453403
20576191464126837201
20625707437103021223
20657866303908099446
20671716734192578147
20673597460469621552
20674803289776526086
20717078021244497431
20792256189285063621
20794173080067201762
20797019707803908820
20804791579272687045
20812135976709643739
20826721212245643381
20853231011289876611
20864328065384767193
20891929924605107542
20893242143414727807
20896687571306676564
20902392751764100287
20902759328165164812
20935424616844741679
20959769345744873231
20966528521355528562
20969644825347973024
21007504387053441906
21010143756067964709
21016491271700244634
21033659927162064945
21066544897942608110
21068670888919955628
21069604151489019907
21072819478088523166
21094202160647100978
21100190041837817700
21101856566021812460
21114747186547655293
21141002178068641014
21151895750515856784
21159760369080256403
21171623427730308549
21184972980472735142
21236709867503100199
21243749526824366853
21247199945273773693
21252184992011279389
21258032692000897665
21332394692680750489
21337498837097153654
21363114048703028158
21374272589749002352
21380583454340386931
21385216300617758675
21414021435299759753
21434502368612677692
21465350760594956541
21468397891827160733
21510390290260350812
21540109802741055468
21548833344662452362
21631904674113478332
21670566698677919400
21702932166293624091
21716687599836292478
21746541994884599661
21747020328692225550
21748454892642158178
21753165140069522421
21801470342250456303
21808462365530312834
21846250014391258083
21912598887836702152
21913793307174697841
21954687843584712776
21984437572932891138
21990854622630121713
22003247669526033477
22027352228220551180
22044949366391622076
22061370166634643963
22079321098884362414
22116020765791174469
22159689448554569067
22181013578247998220
22186155900689694772
22203073800380735300
22254837668403774286
22268554635982049198
22292914767737138455
22317693625873603352
22325390963242835077
22338875458283443546
22448943689344075915
22470322849946551975
22488787077268608584
22489693145828812911
22502187564652421331
22644838041213480017
22650845575840960531
22666810696152868642
22675691451397059069
22690292555822644123
22777146222056068900
22843394882072557233
22855465516231963273
22863611950030709664
22864022096609533696
22884654886002603273
22886197193207677037
22931496950527102074
22954401026938843469
22985868536085492249
23028458081579538371
23030712109785904193
23039048537442020667
23051289440512160867
23066225704933375231
23068478393602930589
23075214645357011874
23103372851570400756
23103698504747448098
23104910808912819904
23108436472637183243
23147818684964323143
23160548203195636597
23175904705951066019
23181310701639057215
23184688885891092511
23208020001275399026
23257211996680353216
23267426579460787881
23274044485351051133
23331933908603004050
23332620468833915231
23353131685897034448
23366698084058202647
23379051944121491802
23401041624083259627
23406373243069845766
23425240116753713093
23431518832647935085
23439657391376634628
23493100489783648303
23513552866556697141
23550334985522405140
23563938515406392681
23599435266766648111
23613939115561712774
23632198979610833197
23649442771027222403
23667239730825507211
23709730469818272483
23718410179163883361
23727624219235823674
23740034736338170416
23742110039622270636
23771385364810510906
23774084666963322609
23793552673776080339
23797601860006924671
23806611405955969679
23832045020407865321
23847391202398475706
23872556080252282294
23958994053005013914
23998816184716726698
24049669708069666735
24093563197920904448
24115297457545500457
24126077076799163442
24127524363186084943
24134527926119946169
24192542296209376020
24200351372934237789
24217646649682027139
24231234617490889944
24232345156863592055
24275671444702352631
24286015716905491751
24329235796499338408
24348675450600220162
24371168896800649744
24404507407788666087
24413208423008056339
24417557851938521238
24421718182105941038
24426196342482764292
24436794746339521245
24443449938195619508
24444261376365955308
24462016168823449821
24505136402260845346
24537866389511123587
24542901380401474763
24555461653377853127
24565197539301545283
24595020187549307648
24601349259295695508
24603635177170554879
24617872177362357592
24638662301206315890
24642028120210096331
24698952135754554738
24702292754751969530
24740704155077559651
24788623344377015614
24885268321076982037
24890806943348880006
24892687359928258255
24926974202524093239
24939062862279652187
24997863545353269256
25000071122277336733
25004618505301563851
25094182679181150887
25103500611859862933
25104279673129600241
25117153359235389731
25126049714236651812
25140765227187901420
25159283031517629339
25171797469563995152
25177530081510947527
25192426802338637655
25197693614188281197
25213573341946831469
25214752558777972245
25216314335124418462
25278510120534561919
25297784126709016863
25299893500178403253
25301792378405506418
25342717812044345241
25420956559334055217
25425644108175693269
25428588285118295545
25438036303022996307
25454750690725920770
25455882121265557829
25462564964342793918
25470318542381104361
25476725434596994291
25523466811965852650
25542369429413302573
25544622289374514537
25547501736318580238
25588276040110395901
25603081504491136712
25644060906144196034
25672152529670309968
25689991876017389126
25707482538276065741
25727094677674228016
25732926963206320427
25734519363414253722
25762696224833292391
25771311966658519639
25783848181308903646
25792195852117762640
25802493549274621704
25824967078697086641
25830134381787723909
25841267584513118405
25848123861501723116
25851803195556310769
25863932860104718694
25867235517921353667
25899225784876575680
25971534602329843607
26011822818655741691
26014454838400105776
26027451019970774137
26029558969578236427
26098826802697408982
26111305118291413959
26111707512778201978
26127306741863139628
26127942235803608534
26133491744861338134
26147137502052772161
26174079212440131365
26189918904326118889
26244499596844009586
26247486154577858052
26270726140319568977
26284280521998498160
26288308222224858029
26303795987767087426
26314482638892944759
26394175107622649363
26424491933367986352
26450700547116548331
26462660298620742773
26469264082195667337
26547081905159049804
26553691883801098297
26557555420407630952
26594959726619247797
26653228650842193068
26672330932021366043
26693791958779432547
26694248471727957728
26694926817325050195
26701673210613475004
26721701190050253060
26772060654716360725
26788466624526899558
26805736339766083940
26806206767861169285
26810063952951208276
26850329705245669155
26915446030659440827
26947357533834698318
26967935582244233190
26988245315071700854
26996134975071035342
26998774994712486117
27005542352137401243
27020582516450413882
27116192471291933811
27123607726529673746
27170025618774041029
27235540199721404891
27242848130901851921
27248782042963956351
27251521398665705283
27260819413781550438
27267258683207661103
27294120384842044840
27296205591787863924
27297048650368595999
27324141297059004218
27327750736022411304
27336844977870664956
27339348386283009620
27368220222500437329
27390923311625186014
27392344237844008629
27429334050860667798
27478247895682922794
27482827213674663184
27523699443610049611
27569482144431165071
27584773755647902324
27601242309741218043
27719971826263345551
27722340802830369292
27779702477316387185
27817173424831008757
27824484029121328659
27837003652968229070
27861006868545735269
27863610571132120814
27888959796036993829
27950329304745164912
27964529791797922376
27969944722890634745
27975632492394985687
27998499095455856848
28048506927178352454
28051062573624941848
28093364230819253238
28151472702873469775
28155635611133775486
28175025597512443317
28182222858807217658
28213145717972520923
28262212409096492067
28267681042711698891
28312814789050763163
28335166065011498977
28335218869686094077
28370177993641835750
28402028318046235681
28435083724091220186
28438913445517801360
28493096817928674041
28503571243986527012
28508405791493690011
28522287525676277561
28527028581338301712
28534090824293612859
28546238023846632899
28604693292042781153
28676182769989554046
28743290954637390322
28791707290378679935
28811463800771769118
28936583065610589798
28938734021190578175
28961350314623991107
29031495286527877866
29072879149566725959
29078171406893410863
29145748900764631368
29174506847046678832
29178489825933704704
29238623542981453997
29248426352344738373
29270178494460915337
29286891153401700200
29299654154722913509
29332591338694624119
29337995892213510591
29352682157076484784
29368604252746210207
29387878477206461401
29400654327244936921
29405307582574400876
29434938226907889927
29456404519769320169
29493126867786908340
29533043952752515156
29547988930565099063
29553294941613290111
29573413104498711140
29616267153844070598
29673671142892944343
29674241220926196985
29733313141435969691
29761834595220612658
29787419798852345925
29796967692037551649
29918996637660516213
30012396248560283618
30015765040491870916
30080386367912783516
30121359085129645963
30138284887346589390
30149207723855483269
30149639994036935292
30153889956562149768
30156450438315889596
30167494826707586333
30196473865766040355
30244923907187370656
30251382893636732608
30332497244737118357
30342570063236232069
30343793169087972309
30354359128349956404
30376269551940368062
30382189506177945801
30410456153858860098
30469827590845965865
30483969892356055480
30529741963736460902
30537667930495583441
30554350374173333219
30582889681169270626
30591637539415210281
30619256249118983400
30654269851032555687
30675582674256790877
30675837604481562795
30681292461526120414
30702701927068981267
30726865638815721756
30767851914578482472
30777907715158820322
30795707630447541001
30828036016545088633
30892378597470589104
30904727776753662303
30934136103920601010
30943120417218091154
30943942304169159412
30947702280155966865
30981086266215973658
30991467408573120248
31018594718364778960
31025368761991536624
31076941461619068071
31100096914304102184
31117626883701756530
31129258043631430097
31151094548780427955
31164498268552083391
31187904217452313068
31196480230483022541
31208699101159893726
31213416519636826371
31215712444606961946
31221008970089268316
31239285693941719531
31299558879872165502
31302935706357898313
31332904831434308714
31335549477394820207
31356895234504151675
31363039431161606903
31498140655091722801
31510637423235546619
31520492939770637548
31537517773209524150
31551206890140724683
31551394128767730376
31557679757492883528
31564892369398128023
31593286103564328516
31635328322416625715
31667614944149128501
31667632608411084905
31672719634875422258
31691537929683661774
31697749542286568509
31728219174651212818
31746274133505863576
31753163914568831424
31768971204232285139
31773658866890036699
31795978234008887533
31811763685580928184
31830535918830836322
31896988576549492730
31914858359843336127
31923244378220238546
31925241994857197559
31992594051024926050
32026130989400251447
32051017848486798394
32055001583738968292
32078458670144578148
32098730133504240362
32138588290058269479
32163372259553876471
32166247915020753754
32168166956521410848
32171742784450813710
32224647610317295916
32302426696193654450
32316191346883890957
32331572180833489773
32331647352323823755
32337743148081368914
32379603615873077509
32385699883258888925
32412696638082277414
32476969889517113908
32480681201516243794
32492252976444058918
32516527690279641944
32517224556706179552
32528647914931499903
32552853391195669278
32574203275410760600
32587644354378558584
32618132525693644278
32627076590171355468
32645995445063653426
32687498764351249129
32707803687905308026
32735545810075945458
32738431687364305563
32739965821188896455
32751306926533625921
32778334899016057421
32782370683307465927
32792681307837819647
32833033015633277290
32833685503061743574
32904424784513585515
32927355763052585110
32933500996881201321
32936396767000857750
32944735958877689160
32951031013566906938
32980426578235815276
32997991123051369641
33059055367299209507
33059722981856471185
33094699081694471140
33095288106037887841
33172645863945272081
33184782484487780493
33202172754784424792
33213648900434103381
33232713671563459398
33234093871433306890
33257637997777964240
33269677628654976709
33270684533007879603
33314892056649648543
33333909088378043340
33334227931310025596
33339112938924862702
33389935932788974811
33423334518679085763
33447646174895109014
33460846514682295868
33466631692288249649
33490031624820936732
33511756830728377415
33551450855137714210
33565550254439140941
33608988067549824322
33638915972983232621
33646919926015414032
33648464558390595707
33665996841940302828
33681440991587413652
33729668206198823805
33730073766328521519
33735199963282282125
33737509310044079208
33784290325710176479
33810561497236257076
33824957934438113195
33833958328758416863
33841279467097068305
33842548595971522507
33868187175626999989
33870719994438322463
33937006307143088692
33948166401807657559
33949111245717121703
33995124920530387264
34010962539417151187
34024484122360978878
34027601210230077925
34059627386623199149
34095584121506186157
34105780679485986015
34126907759110823374
34158112526575781833
34175962049357740708
34179371831288369422
34191321129846053931
34200879825224899392
34234238260570218205
34276163353636986138
34288026393559672422
34288235251925909896
34339235926086532685
34367942876098550249
34400842007375216936
34411719514917330808
34470209461479773813
34481683875534869515
34507382899187988110
34512842477044309740
34516837582680468097
34533788409617044529
34558066116536993177
34587177305645413807
34603667737089196490
34626721822590775066
34640033961880341044
34672480957467317179
34739223114921028025
34747354108842417432
34765411972024141659
34767669180501659518
34774309432641737638
34799749793782648860
34803652682633021041
34846576204554804680
34937619169428439337
34973409194378192578
34982429733104196092
35013914049236687822
35018701666760811572
35155998473520669988
35195832402968895154
35235650903597223237
35244569828993888178
35249131701426360769
35255471047494713294
35259789962801000958
35264580206444362914
35288788044299167297
35307386930456791516
35324624976777219880
35351341702609648535
35404808450286395598
35427674443394851421
35457019927276112203
35478380545260178778
35493435101158082309
35493687774742802359
35495670365293142486
35544814424587337485
35547692792664240591
35585712631696573046
35613384868032514189
35723118047677103804
35791547765453301363
35814889767351625992
35829955660170332131
35890606816644345411
35912283678802801889
35913347941037545785
35955549063797534946
35978428996949521326
35998719706741852403
36048895177432945113
36052228935070982780
36054310838042240098
36089173980587170086
36130419294621226098
36140111095092951241
36218631467538937947
36224573000573070448
36266459156054104738
36277768996468242192
36282361722063462559
36323077582839573824
36339640759794628651
36347492667783417284
36377692504469982159
36417910791338596350
36423340978028297092
36445429020728628456
36476151833099307520
36492438750745289291
36493236377494811119
36493493196912585010
36534354728390374024
36548362051575050901
36553820422551243558
36554435870491571693
36591818102111277851
36592177520474007870
36673587239504632580
36685707394695102123
36702227432397999690
36719734679369997020
36732233768507772221
36778881295836588795
36798237765629573099
36821954922061556933
36849815927063352792
36867889352913612823
36885031782873327261
36898822295556409006
36907092742265680401
36910151134071280347
36913248129420362169
36947090677168425634
36970990728897379237
37021698773427455426
37052631383055370011
37056593883328201852
37061951170802583432
37100799928528482567
37115018447609867957
37115437873812028348
37203471236513336185
37252949644096412856
37297725885805985023
37341121458393106769
37353229609483523791
37379868840401384455
37384819336051739693
37390523599002840467
37398719436903971888
37413508022027506151
37413927938091986898
37429911273600710164
37439917850188090694
37467809974680078708
37470710565403417958
37484725304180106607
37496299033811163773
37509122845404388692
37518678952113012224
37537080994791225805
37557230467915784976
37563566593153845641
37568877166038934214
37576847560635934682
37591122134819819930
37595223750166141176
37618934466949037312
37699484423539242095
37749620626760914071
37773625042134990111
37813737239499890655
37859837484453313023
37865216701922227615
37879957734005438437
37883109162856100142
37996923051261200736
38031933727233433587
38046171011089403929
38059711933181416891
38076031938131402616
38098040925778181509
38130981997649420853
38211110295806446436
38229213955614916981
38260086466627772269
38268394060719328716
38286818111227051818
38292767106909017916
38293918777295289374
38303312402546940986
38311609298555286429
38315044500404951617
38330877981414669358
38399629530315133427
38404923146389354430
38410088756288186431
38410550043294717008
38420033815856303729
38423010258292614340
38461646395717842988
38471552882211439757
38514842281163698201
38515195109205780876
38517963531410791749
38520975541870441809
38545231044645660035
38585464087193280592
38589382629599831647
38621436791562058343
38630407557521916762
38648746932864687182
38681631262900328250
38690797991465023084
38726719720786600144
38730196106831145471
38736912660485281463
38753662387024542403
38776815166173109457
38793536930740851222
38797673690267970592
38827256129199812963
38834839146914644395
38870944222428647027
38874609302154491853
38875794521017237754
38927264421409420871
38932628178483680628
38942411836499154860
38964959555041680544
38972097360190370176
38973418035347160591
38983420089662906836
38996098904705539117
39056946161880838424
39077332302346634622
39100875141078428924
39126406317805664701
39226388824118330228
39230790834956732102
39248464458260786596
39258123217324335858
39272438563263268820
39285760143931209264
39287085349448487317
39323638450651750589
39354189582885374735
39369698014743143119
39379486213075622906
39384932847147096492
39401990941727206871
39434666271793580958
39441445239837446531
39454751850765127219
39493592389391645321
39537803123471498834
39550142949039084741
39565216326899031457
39565684289661459122
39607907246733766522
39663985122815157614
39711454966444823462
39719341379432750594
39719512188046147000
39729282781475926529
39744886744509264235
39747146304565650004
39748934126848989229
39776214434392408316
39780770382985590946
39796524365094697511
39839224384755211294
39845885324949936804
39848466394178794822
39852511534041242755
39852959646815722322
39877959430850950913
39896057354233965754
39899309361134624782
39923329572781611925
39983120686148196807
40005191194547016132
40010349574045914695
40028388891214247083
40066327262797963746
40108721337778234207
40134383469324147323
40139546755822196732
40143123195663169822
40148300263876528711
40162550232899793033
40194486085839211232
40209978302492695223
40220463302267450300
40295928975559391690
40313287124641524168
40321587325083115221
40325415218903665195
40334243407904665752
40348293511865704841
40373407673045580512
40385546804252576368
40402611281993397320
40453686940807415059
40469893387066030927
40494917302342958634
40512468921128366145
40578962383132430938
40604955621498839031
40651499566161995732
40657946309811876689
40679831418636282490
40731342592646433106
40743746745058532025
40794371483955714020
40849668872605192450
40877669635020562222
40883900848358450091
40885881389873012135
40906801905886329353
40955565057435076836
40972617711475133693
41013830755935057395
41026023384927520627
41037326251313419830
41091402242227426829
41122096058827650299
41133233921030370094
41133807282930050696
41145783342222423424
41148637350148375318
41170160931905965538
41181965039840181458
41197454343966438579
41199422949744791769
41296545731123018700
41306411218768825340
41362044603126601646
41374731039490040843
41412422832503016506
41421747303014620977
41426580618051701292
41442965803218557005
41444879569786577274
41516033479032909939
41585567215071197824
41599013485843424908
41609208935273483058
41635435956911774453
41650205873194117938
41688303978122624370
41715447840449550878
41726975348738603716
41754535655641017026
41816861241333211780
41823644798534959459
41826209863039751031
41831428029666968508
41834885378565372594
41851540813360528002
41862020404308335587
41880879116935990490
41884725553707964548
41889635324512856669
41926261325720754561
41944372166760796238
41992821053812359670
42056179435108314023
42095676164699198277
42116971053403906493
42119099475053446239
42149358257501208055
42159879776858028829
42204238495825301112
42249497649893611052
42253698484231062611
42255043376842561027
42255639452539392168
42255677453603268305
42261054931557001446
42273357161321828970
42299260437733047014
42328070426175224825
42337267822804221765
42352137721709778810
42358463706552806078
42391825250853578628
42403443941750303775
42409899206878122663
42414630385053176278
42492113711462039118
42516500379900170300
42542648567992000805
42565342475044012269
42589164192448334851
42606619729717072221
42629561488169136903
42633907801809349335
42644384840436955230
42669886267652343575
42698806507093404407
42714377511480965498
42723419423688995610
42729341798558953903
42789473685952788090
42809941180259646523
42834062459148427793
42839507485838778588
42854061048743209731
42924039064549100236
42924475909181009582
42929297115046999504
42937508757770927073
42954246069292507912
42956222763215445718
42957226575590901703
42970603070257535782
42991589235811392728
42993141075862186749
42993914671489520808
43019086290596019552
43032834024393901824
43041417664030375211
43051461766657159807
43061880291776221385
43062731565120321686
43062988049154574630
43088402678407300294
43092657594282587851
43092805871229860909
43095400661734706390
43099353733861880993
43117525722113870323
43142972275875516700
43157459168413030608
43197224323059117820
43231510585826585803
43237239970486702733
43239849427062991707
43251936843587766993
43278674287027992520
43284184646772220030
43287241595458177237
43339588386041967068
43346438180717965156
43363452463238937979
43390161565269210968
43391128935240970788
43393769240879806147
43400140945861567106
43408966217544442189
43409933133645758049
43433142484176542039
43433648978234022022
43492753831865844065
43509706356983240190
43511621458979960975
43543040992185574834
43555476876363387666
43587706755095450019
43595479976300431463
43609844154250751783
43616629297199678098
43620940853665238085
43621160221520026128
43653271452367858001
43662972220636757502
43670428141287907679
43742711497335368417
43792536760287775067
43800034944556806421
43810607330656048155
43912041642309327092
43928231386481589033
43940855482953519495
43956446404613985023
44018809032355447582
44057783988276439398
44126843475587585071
44133252320907648707
44135985276267669789
44145937103660778563
44145953858061173906
44152175167052029980
44174143195156487963
44203149800512707592
44212202756899549412
44221413224458596293
44222222556369783288
44224331319734631890
44261028500740198734
44274564089755596042
44366898513603870837
44382004205977917871
44390410680618998801
44395728473409552483
44414579066283540175
44430507501546355380
44462688887651104959
44464122356047759816
44475022663047413657
44476145978310220206
44498562562936035532
44537066142139273934
44539295489930086046
44588729861984109250
44601880946076851312
44631219875085700902
44639065163802225623
44697558752910922040
44699340235684702690
44712969628184887415
44728119367087588086
44740211589678372269
44764761689879777323
44790032697124067449
44796443483287705861
44825200583285893499
44827075738715624913
44835634670931140070
44847061602690100100
44876437818730120325
44901541774214200372
44936648596803139379
44997963328278772305
45013997116558501365
45018228178196885479
45063846162055447905
45068348713921450041
45104963295686358503
45153002292531795184
45157874169410434107
45172648981011612446
45175100238117982944
45187688505722229956
45217343570452154993
45270052439548065730
45281946138651587199
45293854289451719241
45331799485296650247
45336380886476026000
45336572696182874948
45374123495205327758
45406117468585671456
45468874525651475310
45474656832611791644
45511868893059691277
45516737094983297702
45530169807917444761
45555906710680188714
45585344353981169458
45608947108515915843
45639808082329241857
45644388091970679410
45657020236342839036
45670580088780642184
45676388331404273180
45686077369771750360
45715952610360378541
45716158614711679879
45720193721692733892
45754793272254995787
45770883543089917773
45819433620502812053
45827727649806623454
45828967833495673605
45889764738278822499
45900404074838799011
45912956121207713192
46015988534460724572
46026815771438040734
46051751739294278989
46084054428985007145
46084601158759806402
46106094014381384466
46128826801446338142
46159298189893565670
46165738993647060841
46187858053128367166
46195263655204940026
46221184468326928383
46239817895855505314
46255723240177759578
46301205232426932773
46313805379775183380
46329630820798749369
46347538878176656622
46378292311046000501
46391848938515807904
46418638714561324305
46425247140124455394
46436354206109292618
46445625375440121508
46456764505347954453
46468651162907071217
46490752530329447576
46529489301592341281
46555746993306389996
46568597747127416016
46750642156269563499
46752282425936171626
46799816997293108131
46878652216651550198
46892272662102879152
46936187570963197467
46938907534509807807
46946252288400478986
46959242057185724908
46974244193731835418
46979347632808615328
46983652333135722723
47011897387401652292
47044736335123087203
47061136707120236649
47061806986956401304
47072492487199426648
47072943651678534337
47108287677494814333
47128888504118821114
47132990832537142686
47162950330142477302
47204582789868050576
47220421011899142672
47228886940992534452
47232487138950712168
47243755034091938538
47263937268019902193
47281368382414948874
47291570560090187334
47294463100343143044
47298103390229279266
47300809246599059660
47306023406050652137
47313748438655058679
47316540985855912050
47393491157758282828
47425070160958546960
47460470528562864917
47461625563664694257
47520081513425685291
47525582507338804373
47552179015089066206
47600470470674885469
47636547690011861813
47643876730645456214
47645683617327858754
47656527422607481701
47663699968622372907
47702459762011065973
47706802902981187457
47709973191218934014
47730634458059052147
47754423828689686462
47771514875464661166
47785736965623046962
47802596118430585393
47804887855514526665
47811256678675271297
47820354307551413214
47866382626599738671
47919739696050338574
47935088577762334883
47935349898855984211
47949345116566925351
47955397173344306140
47965023376974495335
47972366563008236962
47978935825747943019
47981681762451227425
47983966195258858832
47986509088830578026
48052586861094678459
48053146592411954056
48067230459598030588
48084435320627722820
48104867602600539157
48142541037099761724
48204752564646859251
48242381060538062542
48258768807311789598
48343816177368320758
48349948766614405398
48362095544322684617
48384334890147071523
48399622555784894142
48519718210246706670
48579245430437977261
48583688958369351129
48594137222159313884
48645495521809515389
48662394920160638515
48686652434148252217
48704666878696758824
48723017363830214222
48729450063733311176
48817329638579128315
48820355623734756457
48830248617262418934
48833413266633460490
48850451297343674458
48866983080106575570
48884866238010167761
48885784238268101616
48933950365538806102
49018256734351221151
49020248016032588983
49042730136581008520
49043501555213178587
49112430381715881588
49121338358515523196
49130603525821012861
49138986903904774131
49154952077202652596
49162392951660286778
49170892219164204400
49289046289725391219
49308812197601394772
49308917588979645835
49319038743277542228
49322842245599981797
49331689605291653847
49338987927496898908
49344491072501117564
49415969820725398622
49441524284141447241
49451343750156947817
49509723444678226243
49527943906412634095
49528487962339000728
49535340101584970761
49537054809741247153
49550166624481429490
49559015673421741797
49563978930478972666
49676614810357907217
49693841503802469837
49738824045949940455
49807249272257525448
49839134937684247937
49900364499713215020
49919491492708862688
49953604013671346225
50034591762248103682
50039191737827246028
50065764791099201243
50087192986958386568
50111169771208851851
50130919517838361677
50233863774428835214
50257878651643637101
50265166438125380491
50272553024500671912
50277817319195488644
50281887169516176468
50300389681240344352
50328352769123587732
50351579202664709493
50365553566071279770
50366266338867917720
50377186088904739952
50405057751128817712
50423310870702892293
50448428246321067793
50462350254822759805
50468194571289092749
50502504944055096082
50511079887852440350
50511366861142638104
50532912319789713343
50540727181041227087
50546353936176703328
50564212522241982210
50568824668504511803
50619861374615726307
50709580815472324884
50714337499653675386
50764889330538391748
50777739709443118610
50802246344140002214
50825768574326539188
50837204543841645635
50850818801836121845
50881225767010760887
50882064284471769449
50946557321876028917
50969593521095066915
50971933223433242646
50983177944784140007
50991250814060597281
51002643119354675982
51003535233904702749
51027229536635329753
51066457408914380932
51081500395484269517
51098331211804279635
51125891754118170462
51128332651312436286
51138231273313152700
51163622333321718049
51193304361073223966
51244394749977821978
51249688996962851551
51258482572845690830
51304941056460046147
51309488562748677118
51334458513723772960
51365155657662670321
51377254136418443361
51421861888537549312
51465680624992789262
51470660053225563356
51481391331652554625
51513347565724465028
51537142518499484597
51554110969640420821
51555725592098757430
51564483426455436523
51598163193832663961
51617589614214438990
51652405858090837808
51658381053309892050
51694893113046285836
51726967012190024036
51767676498881381805
51775639816635346649
51784905540001546748
51792861336342773425
51812526163091084338
51830961499465848337
51848715905281116563
51886725396019668946
51890835156398501621
51903710025047192541
51922268145213117434
51946210932573002664
51961231324408150774
51962914093480205027
51993628981142342813
52000006799098224252
52084126879276625822
52184254051255928164
52265141930986466914
52312183794394987495
52322645758221334865
52376170580119803351
52391718507927142455
52402374516575186060
52463321932836777424
52478054145276914099
52493777582365779608
52505708114591522956
52521436195648927859
52555965603386549210
52567136454013856612
52573018988417970920
52580053354140592901
52596162554680001764
52603064356351807773
52618002673877419004
52619669475374719699
52629463646104924976
52638752567526659222
52654704187929523841
52656659869956908909
52657634079816936968
52668240510530511740
52716091097200288875
52730814278036937712
52741229763734957902
52743419579615214931
52777149891928225956
52818721177146077818
52825454283075037548
52840663717152218803
52885890693971440602
52909973653523402706
52910118367793130581
52918825225600580891
52936105679032453097
52947968837594357480
52970123551305719865
53008140777172626705
53030969445953021535
53048992992849177961
53062084566246786291
53066449727755409550
53095978240875861551
53115534967748172832
53165398598914656555
53170908625306055384
53220539778028659098
53220591030238643951
53242822528029855516
53280246513413715457
53349157790820204562
53371950995193711167
53380009792790186733
53413295783866322692
53443835047323248237
53501498397839033430
53554682150306855881
53590922762871652758
53653138999825092260
53667868623148429225
53701124467164039840
53709011304093110061
53749392194901348236
53769588327909261225
53794625721888061466
53845630006583199202
53852802047757161259
53884529863176758325
53914102952488381156
53914398442219397799
53945960371390255443
53981293427957875749
54001469519060926594
54030511322534778563
54031914593615594715
54052110341711646716
54065916674853129266
54091917676376018844
54116811378275915012
54131725800259643595
54178126158237820458
54183377558531631374
54253953218067684435
54261520016340723993
54267276877382177498
54285500731505579747
54347254352215089056
54351645901662543118
54365975911322069081
54375352571185618078
54397438986289541268
54402942426360199944
54418394728677696294
54438955460496386799
54460878105102814524
54466982564055191190
54497671480913763868
54508226551039907281
54516877438179121439
54521788717470037640
54525245074011832126
54535934493933902075
54536259083727116817
54541556690924315873
54553158863625403038
54556291151702028816
54598693420946933451
54601258967247042929
54605774079655680472
54612847375870914966
54644800534500799264
54646782434870454159
54666350298677457551
54667467383289247979
54677505031333216098
54684267627904941627
54684284601700389692
54705165944536018617
54736440622618758865
54763187419033740694
54768305123481557653
54796122894051541103
54797813896431371579
54807905904619707575
54812121391407229483
54825455943394665432
54828459796852804118
54838023945862808564
54868157419655110904
54872686049957281071
54912336549020804510
54944872763886252278
54976742968065093198
54979070230790820463
55020199506076116841
55047189715735236607
55056403245274610969
55058630530701078323
55155208429056840470
55169302586970040342
55183385956591843717
55193176458392156677
55198320127072585501
55274217523291746967
55275732497858364815
55346205248491885993
55351498098476408478
55355876836156391220
55429715936656019183
55430853899265535439
55515681212880231782
55590845110022970573
55591877262538326197
55594480481099438076
55605599034246172258
55620634978310070378
55651873969636136396
55674754308597779640
55693089162891114383
55702685116968037951
55708856341136199305
55709455981965680393
55711754133557122990
55791682481374831730
55850451529359000414
55869249709969923242
55910487772981219942
55913720482171090440
55937384609239731603
55938804902911771926
55943634574593143121
55947702381312353431
55966345899522200938
55985634172890418434
56012594668993016127
56063378670289067563
56087110410226545827
56091243837249048270
56200906840089103054
56233184204509635813
56246607277692061371
56247163387566252567
56270886641593219913
56274905044786541281
56291867117404286503
56326184055008908901
56358114736341867003
56370089603740015814
56375796936768381998
56402399331662743753
56408498188071724845
56436902886306278149
56454836102846069495
56482222742394889921
56524842944273466253
56578844424011717024
56585663285635286192
56599839594924052704
56621648659194309502
56640695532281459583
56653135087067048444
56665966272698451822
56707431605997594333
56708462486765194569
56711709924437245274
56751597700732999838
56763776180490315625
56850815124935976019
56867989211963336520
56925609867124895913
56955756197499478833
56977112145574873903
56979914810247254273
56985700988517933627
57009296429780304273
57057093603429296231
57081459227951309213
57110531426630845044
57140328759791667957
57141662862071455093
57178519415523501578
57268318997073144532
57269232224883263126
57287650489969945761
57340947748517545825
57341334466302103688
57369189257027728383
57369856951587839251
57384782265415977062
57462929859995214225
57509056256370770460
57526218856684051018
57586540219145170994
57633483020663856346
57673115372240941333
57686577179867423762
57716722840001943240
57720776903358096347
57721347453655077122
57729715536055990811
57737293834039102159
57761052213421684704
57796230496464617934
57799809963944035338
57824449869841564186
57858129081051215444
57883437677848490203
57903164226796109891
57910068048917588811
57916500987100981127
57940459628648806359
57953905315118697486
57977200637997924854
58008350507262907855
58059857044468397787
58081703998973756790
58088238757442019809
58117711818221746353
58132283758388737526
58177777233608704386
58179697396815791856
58219734795563447788
58220389856467624209
58306750611562698098
58342264137489202288
58386364487906653790
58414344238453258284
58416919762534481147
58433775618364283542
58440578941141962593
58464639525978030553
58472013017741774948
58474917862819478666
58486707021878963913
58501297930818228236
58507221757854410515
58507412432733785391
58558018999202839557
58603459548816571630
58607611655850824990
58637367331957632378
58669165484271612051
58693833639611812206
58770096708392990066
58827924041281055542
58838189823785566806
58860167629560479182
58863414277810656822
58866029322751699790
58878973806884376040
58910294755652747676
58916638985568333443
58925092301086400418
58963927796675254218
58977080351065221968
59046340625411844439
59053823895743708079
59063474595731376958
59098877812741691006
59138680852652340917
59156019969030832634
59159306665357054109
59183592672666752145
59232647013025137527
59234921355239017333
59247369769519532609
59263921839289768103
59267025405717318430
59276586476659837061
59281270474594666582
59290057137655342741
59306765508011010683
59367978681246044840
59380095441893745927
59398335459990546443
59400428434172857123
59417378840825294618
59465087830939987565
59477316658494278078
59478833629216798751
59553239153035787171
59571274074276234560
59589889215415510874
59606255983190316957
59615165860643435283
59624558154910304450
59633631413865841122
59637919276852013667
59748675975560524346
59754556118026106380
59777700396999160913
59796616345570714317
59841697595274049768
59865330356599661371
59867638756479226802
59868227318604641293
59885516800669363003
59896875578476126816
59899080268064307083
59907543439289572845
59913814310573808947
59919551267620271233
59930220215471377866
59967168998544508423
59974643938713765780
59999453420999122556
60030521542089467812
60159918269561916492
60167775775671565111
60187852494006811849
60212228199266998568
60213889578600848819
60228063666656617137
60238002915886613053
60243567187316119726
60265402359906570084
60322870169778232129
60368967365568635147
60400392025639728184
60434219438011552149
60472471043208579152
60505113408417240853
60520026033608685747
60561297891687524499
60562526461868155040
60572196935907719816
60574561675522165423
60584184904435669117
60617591091622234762
60626366993436221576
60732177319011986741
60764873057621057046
60769695894169004439
60803187521721353921
60841775793869284653
60869542467949020370
60871352854089784021
60893472453095300225
60941949250010957643
60965868815687899319
60967866533883762172
60974871688478642984
61013588675581603903
61031928960414998920
61036336583245460137
61071185083368617015
61072298440364590969
61089104094635283020
61100234390855825868
61128319891218388326
61143648802407407203
61149838451687880548
61150011234311934566
61151570196268398196
61184525233774775575
61189586562159618731
61189732084837426506
61209610945759815096
61219615986568543104
61239681329180121315
61281688578972976867
61309930590344937703
61357630708633499841
61388009963027067749
61420576790676967380
61476113671496095230
61508394566669119463
61529032928014462271
61537161175347782603
61539229730555256156
61552604225014410173
61554929234690663335
61564111530519477718
61566187888386192017
61569133810299287416
61618521579355955158
61630998662952640928
61632317049646266546
61635748662412873963
61656708874331186513
61741799235023865274
61745403771575043983
61754998521768255968
61774920855031066966
61812513095297172121
61814036316929026635
61825857889523432563
61830638537376137774
61832630058491542017
61848907246043023307
61875192055487063658
61881002509095754812
61913988491669943378
61927949850945399663
61936279785217630857
61972865022948776418
62031422305803744629
62040315216158610986
62053313767014021972
62057629221704640427
62097059303211585754
62154589714547590753
62183946182594272520
62193181195746290085
62197122313415508385
62247317557345120925
62250731942636200874
62269759959230064524
62304695021859529250
62313532950174430242
62327684319542523318
62345368240701654632
62353545114488534630
62385884271230684976
62450442688537734648
62460133719709880311
62499607271908874105
62529555121608423225
62568993140289377302
62571982887294060202
62603034869546958830
62645812100654570941
62668412378987731457
62678340694561223378
62714769307484435651
62721423264181314200
62741380305027107128
62743310846483093736
62745074550150908824
62807057135653124335
62822727515625989547
62843952484944427364
62912492829963979326
62944238405238959616
62963557919365510530
62969058227285043525
63004906311547356920
63010809983729163795
63016708511575604314
63024875365012932352
63026449603745667670
63116631228033172890
63127071913298217249
63150835352555046382
63170150635548468934
63192881555008424704
63238351022806484278
63283020746527588835
63311739022218832006
63315677584923819510
63325189722206658749
63331734415008436010
63352018254728371927
63375983947191474274
63403334398330001298
63422128467951696794
63444675563233740816
63452438224016301730
63457410759589195479
63458144542118996620
63502553802929978276
63560042999962204322
63586044963498608178
63595380398724276404
63603039402444335297
63603650949071376357
63634839033697048156
63662706404958322629
63665413942207729032
63667500984120232027
63670037604197288933
63677962539289792542
63695762935701140435
63698214875274241869
63736732051728072308
63776465117482182419
63777592212898875334
63784684681624236518
63790886267713619689
63805447568790916156
63818866192100384223
63831793620710698014
63848268592195007543
63879335566651091519
63880710830078770975
63903085982304890945
63931508779915398802
63984469100666238266
64014795135819471057
64017623082254629675
64017720252069434941
64038698887732352665
64044290306473787719
64058296754007803001
64063614174300895769
64080523507385759896
64099322935758679929
64131226772528173213
64160605334599509016
64175467420112980949
64185689212723530388
64205690540764811326
64232387761816559604
64285581559163235719
64288971416292511695
64290695595543243096
64309411330286447790
64325979522999197883
64333605902062502724
64348074042386830286
64351410309119593362
64368118887496849962
64380470943437724535
64381962402040448396
64436277192047397946
64445221775610244043
64480625165064362480
64488649179887305435
64490271546135695775
64493253481830560457
64500749057628846727
64522287560954407705
64525452843934716985
64526896723216549602
64531185116916548583
64604388456859876913
64624989254356035980
64633203296608010480
64728746708757105937
64750040109907939842
64754312414933093598
64785157844199273201
64785393739484791651
64787845182061425842
64793949304899457931
64821861458768633443
64827482120427534931
64830655423546829592
64833495294302927551
64837518510918980131
64845392956393391037
64865574751713222427
64902764607502561940
64906504037362483348
64947562237715899522
64947910647314497655
64962336342888434425
64970368500507717804
64976650842509786929
64988942100317026917
65005144915972459118
65013022158959747981
65018573556815779487
65040649372003887825
65041435100585720729
65059135827504186422
65134041822407740472
65164925070757833876
65193230502665822673
65194552439705494524
65246319609431148595
65261702016987135154
65285794028832075975
65294542720482883861
65325171865947523691
65341816082194627775
65344285752060279972
65352712798845931404
65365725908963038197
65375900174511687080
65446236880113139893
65451961152981399274
65477640919810886202
65512603461156196205
65552160054199057118
65575385269868525313
65629342554542101935
65660982540884649286
65666776669491674422
65672602640630737657
65683870271324525417
65719938973584266799
65759767947264503755
65761329534671830012
65771315751712216209
65820174790332640949
65820351560049583636
65821825544050903384
65826458467572978176
65850284749425446140
65854510725454989333
65870501202239964963
65878037321362130507
65891823620386796154
65894828844427765765
65895695961257611038
65995751404873596912
66044370157783294526
66060213554531513742
66123675982774681458
66203847880985519262
66204880730852907145
66269676105536868670
66294368124075421552
66350861487958121533
66364494452611072712
66415519739413667318
66427501667547275639
66437383699264908940
66441388303396071587
66457885897169923049
66535230355164617006
66541695829611336424
66574242841173187344
66582534535465115339
66592258255582283201
66595020621956147167
66624116781512668193
66654359447002025410
66697642210145474350
66706846488479591288
66746372935830305226
66752500580603167957
66770292912844073948
66805345543986254437
66814382748528577380
66854016488582027206
66860716435872220122
66883579085219943998
66897511864537099879
66904682961063792752
66990942618575440665
66995244449076519746
67026630183462763962
67043479657406846055
67081274042320873506
67103816231269441416
67104852078661124190
67140009270021070291
67142644844982249569
67150833319525297452
67154201510417372666
67155127894773485856
67172861266414896020
67182472616853677313
67194824227448171000
67202183876287091631
67224484942701030701
67250625396377970981
67260780464951598002
67273230774675834834
67279973581050858142
67329216789064233228
67380735964552690121
67386185992405332660
67388394818196518515
67393978866205564631
67403279764755091719
67433992627425374496
67470872536677601982
67479438152949155986
67488374413914928476
67559492207434529352
67586432520787797495
67595816642495890205
67607560387208359280
67612822774510668662
67625939736259734977
67651664126282127382
67658456959370398924
67745306949948335034
67748526089039895141
67758038332585061728
67761656074939757735
67786463924837428797
67818143689812492367
67869959851532300846
67886596304797979126
67888339357517660789
67898913038047685502
67900878741334406134
67920899507706366058
67941197607454033532
67942491100363105684
67942739575253018191
67958694810603365548
68034652645746538619
68054444585838529254
68068324624275363589
68079409914928023730
68093763773119525933
68119891320647494623
68206487581669478201
68210872527313990874
68279685056858747235
68287807351316508705
68337591672305579836
68344841614910820118
68367766453006204033
68386108837378811501
68392532300316402300
68405522988035913862
68417841694993186128
68418279420338807015
68478810437229671940
68570269923999290311
68594535068693785316
68625671067120900548
68646815221798372278
68653770704085846614
68689846460124440064
68698281317886931748
68705775286408001311
68711453118790519647
68738960296997999283
68754053722296411182
68786659305395919214
68797596389829449715
68798988724007999547
68814222917426062113
68846549357618113207
68873602809631847705
68876406325520796502
68907261900971423542
68914506969383082874
68916488756174636942
68923043630518147748
68923049303738505735
68973434428053805262
68986139728669551892
68987850760603544613
68995675348038899457
69058604995541631727
69069679933261026795
69117153725753355940
69127906826431397820
69178123993983986722
69187770146927246277
69214398123563681717
69269373292059304992
69274004779646814439
69296492644977096192
69301785664236443045
69307799112901982170
69316519940077410342
69333716458733205333
69367063965816597313
69371336871880157881
69407890068269414147
69429537660604001758
69496407855225266566
69523866475679467313
69546210408219229166
69557165156748860365
69559847823866307804
69566626104574647294
69568005865515651814
69602409427513599338
69610282842019856015
69618783918417070973
69632368974981696632
69634174563471544796
69635253604788011554
69660076429800176374
69673737591693203386
69705541913277258323
69713545474869049774
69715304829762327567
69733227762107496395
69741111467201717879
69787301577339741823
69823860511192454423
69837788808793835322
69840199228345083736
69880055017632882759
69901562256342165670
69923075578357840192
69962302998952680818
70027240266885111068
70034836924413487408
70082400877834720105
70086205491231344023
70101919543073006554
70193019917720231488
70199256903084383298
70218291672394619749
70230392997356369054
70251097543333303119
70319623834474343000
70338662337152944800
70359873947815912433
70396773337870627061
70462369480186378691
70488944708151453237
70493385923576073322
70497229244593137491
70510753584695495566
70519808058946059935
70527511349697418537
70528185869854834017
70530471242838626158
70530780799451155541
70545526251293227862
70548548673579609899
70588139643120712516
70605556972229435041
70612538446107551373
70670435704996657753
70685078047208571625
70701411832603900092
70726291030847992618
70751838039693332001
70785147182382641169
70824506249295691871
70832930953548946417
70846801520692812179
70847201510766641527
70858821876406644924
70863708764464949279
70915595114314824467
70933071789040319428
71005172055598893584
71015311387449986994
71015833756815121642
71033623056609659089
71043714342124839061
71045169182743262798
71131633212734608355
71154804458063069096
71184556896845030778
71201823203151665647
71209362276238908767
71237578879049324911
71246379416861227679
71261349551223356551
71364109130960749580
71420948678865592100
71517132541296179139
71521906520166185598
71574347226696281178
71589994777201091522
71656110460106098942
71666416076723877526
71675405558021254651
71710077468577975117
71721307401392289329
71755850681515617031
71760303345396199517
71764288561894171209
71777471618927557329
71812932994222517842
71890634318793611984
71911005877269825240
71920744154043822856
71944315334470152711
72005667010067284029
72038632769497638522
72038671109292244796
72044051914279113353
72081620817847933624
72115516815860763650
72173677142970167032
72207629616587129570
72224656538207326503
72234629472422611559
72239734332484523864
72242506136197838793
72269252185263781833
72278099578344064091
72281786271779711243
72287409784512063761
72318298293974166639
72356173576338145247
72363277379806443160
72365992022952927069
72367903704051307553
72391333828683166662
72398849747029619148
72398996104076971898
72406147057288008647
72418856878719296530
72427832760915084304
72436592987687373501
72446726222826744408
72518754385458313233
72528703173871821485
72529987536403781320
72542214602192970575
72569512955484721850
72570599435790305146
72572072651861220262
72584617758715126712
72604309820163099807
72646745484423983447
72671258573121657199
72683393657764204855
72691874452453876525
72696924807240084888
72703121134312117666
72705409178152701529
72752827583529403573
72838835858627431738
72839382132661322337
72846185573161937879
72903574952598934077
72916656936164936887
72978534443773048001
72995958971381017456
73035558825440512438
73084017976719899878
73089669469714729187
73100126383848896195
73121737583659585498
73206249787517675124
73207830458139402125
73236578166279201874
73249804110272673144
73268614369116041350
73297660454061661053
73301438320371425392
73315279564113816687
73339568610752247753
73365328502514466913
73382783330891375911
73385585057530327394
73410226798537660606
73424105899281319725
73425712945706740396
73429310404830207133
73432237821183546437
73464116089334035562
73475522389061534994
73505098366503553684
73514431480227737635
73544544614596973030
73559873759709225187
73561214856846588489
73577107090156220766
73589073454497202484
73592786936306505484
73596143096202431540
73656843193028609128
73672397965346425426
73707269141204653057
73717837944556721326
73745531823955915402
73747424177624461406
73768297468338076878
73793835319017514977
73797220612041121162
73834734070378157632
73855969850831833155
73860428165817712687
73897882264105198266
73909338647495197811
73930524541528335096
73970826662475408185
73974816193334414931
74035772215161247159
74051417730219022777
74077491234412100464
74079639178198233685
74093010377303503231
74097442404288638340
74143100367939759924
74152284599268531476
74153787629087487300
74158309795049384692
74210883100260121243
74216497602414519149
74241127156902601343
74241392673085696246
74253207340749020780
74263849674791749959
74279724767441995211
74359643042927787798
74376575515409840971
74380149987787653166
74408599782139834552
74424315954366696178
74480664893887274840
74486822850930840004
74498816364288081580
74541953939810236195
74545730642882531562
74551512323354295694
74585482073167041218
74615639852392740886
74631692447102542214
74648809235109452493
74687864426517513072
74688255426846793750
74696580373910537608
74725736250255174497
74741044408591374156
74764815333825912818
74776398303622210525
74804862276661836851
74822545437587120762
74862170751952252954
74881672707581422781
74961347290142752654
75055817645425827386
75102240353320307947
75103379595918293712
75105526138512557855
75112455754602127510
75122717079480122272
75167225996468457432
75167505217990384575
75177364900555685768
75182419717211132341
75192026796543664275
75198874988793448967
75210269521004823561
75218001368700885346
75219081243166995482
75251074875232649250
75251601971242805068
75253223861366632714
75269846608569206112
75316609344244639249
75333189965796750679
75351205628708587581
75368461308167506186
75371861374903245637
75376997701942189059
75383587005948394573
75398897712002753924
75407262472838562558
75430599793071002023
75493113704673553942
75512947805207607669
75526510333334478421
75554036391851801543
75561864023128262989
75571014170042560406
75575810851499799315
75580878855954644394
75623098986421402485
75655277422994518501
75694903224176754903
75729750662456594075
75744001703799833216
75746776837782930654
75747332601627053653
75784622973366940670
75833507711618894930
75846602229687169778
75856621772155222904
75891503358152658037
75902382694529171226
75911925302278957668
75926935928300247255
75965099163898134637
75969205916927132471
76040088008319932495
76077887539241713838
76098136584332930149
76101724480176378101
76171882637483799308
76198015261880574035
76218618249702269418
76259766547410424803
76276433230030266482
76277122909986018907
76280614951098325342
76289673530022363008
76295694042725319960
76338296076243883685
76351328292058817501
76366470718480088909
76388908466263305625
76421474289307237956
76422096642068225579
76436370857276050298
76450510016227352448
76454742091427924066
76486045209752602220
76542779569321456884
76612375505123405594
76617464640095434558
76622871473989904304
76637310564835974850
76701417483618846330
76763281624344118292
76764944725521244380
76803145427673573031
76836072449938533914
76875750071220720520
76885618016321978289
76888046289185742695
76912143128974742327
76969101751216075225
76982050387835053649
76991395141508883126
76995372654099026098
76996548978447616562
77010573091371444509
77018729003954325953
77021693342671448745
77105737381429761696
77184293023295184175
77246378254794284246
77259534878051920414
77279063586064068374
77280907348374390751
77307281608610625712
77336850723676067078
77341933562253769746
77355185605307558306
77358199036433481201
77359079479768263485
77382419178937753471
77455677692590382165
77478431710595395860
77500086060505692052
77501623575023210058
77508433008675068519
77518573865828412192
77522625537714903079
77547947830196565126
77582445840006403164
77637712805545844793
77641111222237064974
77714596050710532554
77737789086220527487
77764230603647970352
77836213978720678281
77839610588508219753
77853160290050897848
77878564426422582562
77887491926227607011
77891217567673127639
77899889765016245201
77908746833144215983
77920890059984488513
77929975830991489299
77944238340900446355
77967067027305016486
77999607042661554196
78002058853261750133
78011202870337948946
78016518311604915703
78021362793437474729
78024028044174073985
78064360691867870371
78096959681313280128
78115182999255225622
78118810489691064184
78150966100177622355
78222803084607048194
78226202574635469423
78250547166570600227
78365497766434153073
78365638105563164226
78401776824577276861
78422311517686474702
78448737995806134043
78484450495073838570
78489242643225805948
78507302997299937383
78543004160671546901
78562761005536757327
78563348674836847204
78576362762401369266
78577520764046780353
78588184705758533640
78602368561742007193
78608042904927983338
78610402907735136079
78612515705441479605
78626332833270563309
78677832491642383489
78683058333179681566
78691778113628813631
78701313246212331310
78705719324542318989
78743329834003525735
78831697883466593451
78852093325935325683
78896445008082217531
78920591223896184323
78968476932391010304
79052517051280703230
79080276465617794866
79092623169262276437
79100285131515093122
79106069709161990314
79128321646078603786
79141085789892332857
79142373797541951115
79194353781072632475
79231752776071828846
79260889758866107635
79285359076962057120
79308187823658229924
79315429848921586308
79322568422295066699
79339581440821294068
79349106457322586204
79357834229746693435
79380140905452747177
79410082865260538313
79435149450669026719
79457992807158837298
79461149998614312708
79463822416845060188
79463839422074571962
79469625378891741443
79479847248321724131
79576525848421883871
79579520032075161626
79607212795414392500
79615047946949775860
79624573149584071520
79626590445715330248
79632582416199736060
79634277514135890070
79659416719673066836
79667153165077929047
79700708013851745456
79715726969419903601
79750990523560679521
79766290998698155782
79798895839866532144
79816758707504404884
79833803669868894632
79870514583938059006
79946359457186025244
79947179248091286494
79972964371979539358
79994940109298809157
79996189346138704862
80014273793190195481
80015932658883424872
80021823125728716231
80081352561031649805
80091351296017216245
80095821713341966988
80104744486424328585
80117231399501672542
80163785078821989569
80205869266735837954
80212271541587878136
80254609937324928542
80268001215335296853
80324869309241475947
80337678010045082554
80347162656911031363
80422592750544037390
80428980746617505485
80433467075771497954
80449167371048056291
80449869449636150615
80467043225531804814
80472223555258380141
80480697284266604045
80512479478573957904
80578086170073249601
80675186723078412308
80686727039036487951
80690891038759395323
80734156887612795809
80741765465793392797
80743481061411197680
80745501783328919118
80756033405916146057
80765781843735745439
80783626878580653527
80784179060342907273
80823468593053415717
80824047240442882204
80834521407560519704
80867729718564413943
80871154620518527460
80883615488947212406
80920999945822128942
80942654510125682142
80962269863760428825
80972652586347569341
81023100494405614414
81037522039438724998
81053749532523062079
81064413792374754699
81073006996419608874
81089288241942710035
81110440734366693524
81129583021914445440
81204949052600342601
81227670035991190094
81233567622102163733
81279822800218481838
81303316347452900420
81316799291909518348
81331584598737702721
81332605937294370521
81335045986972646275
81337898995534103169
81379028793368439070
81397167407282439650
81447409628158068501
81453978375677974739
81473073264990198677
81493854392061256039
81535771806718846149
81555869320474739016
81556127413365963128
81605377876250507997
81694501953032478324
81719794973620550226
81733074867016398052
81734937353185585408
81769933449770664499
81770538346874943615
81792155785157236671
81792692893605476484
81799525713431018662
81801495243167015984
81803489778176442690
81829405924247593435
81831894645368366899
81844617361377568801
81868946677056308821
81873473857119295863
81889232801298846777
81918296275934086543
81935846887649116830
81963398645784879151
81973274790826232524
81990911853327368038
82010779664923804368
82044182566414752095
82046972432515457431
82059712040227818249
82102876466764379362
82155343051122037553
82165327550902725279
82204596912307746854
82235592794690855141
82237243871223101189
82238258974077594807
82240313945363142568
82259510280126855196
82284978665489266693
82291010833037496588
82292544114913570248
82335917773266049459
82340784553607531392
82342742063588611930
82343685912937731426
82362578787236673044
82405492359246490614
82438505292653402814
82441816814173727493
82471489571343991834
82497648036212655586
82514000582456376548
82531927532997879567
82544166453624117818
82549479668465367251
82599542894327123539
82610978435607221723
82629894555116790515
82647539972502524927
82654785482789599092
82656266284369368767
82665415308972065643
82727427206984236234
82778657620998102706
82807383441819792221
82838558786004056351
82870873584177912737
82942279429204521096
82953610322886323559
82970377186618855734
82973259504402858102
82997776755064283246
83028979348093097460
83043486039439843348
83052298738809956672
83072529852064730914
83094282890397878420
83095632948778403800
83096031677484024351
83097033468223425872
83124248738771700368
83155203227171203593
83170057473352001372
83187049767225801452
83190326224388768608
83192637935304270839
83219939329773859930
83220133323988804567
83229736120828903938
83281972724857688922
83308071923873144764
83323810225009216783
83333653915427703788
83344599546194886733
83367892236504532051
83373532022921824542
83414095557510588994
83572376033097955264
83585901395834145360
83636399550586232904
83647470441364835437
83701530869363099206
83751046247236969897
83769682250511029054
83773081366282770305
83781593689152918792
83797696912692637279
83812661831710255806
83827225391439514727
83873071943536742151
83909973008608713617
83930319536240446270
83959167749204072230
83985922765697980418
84069385478583922396
84073154315394571707
84077001700857067280
84080225283438865374
84128977065083915176
84141560625382684403
84186463730480973252
84212755709515559372
84225953095662159669
84244391468281504746
84264425926199348034
84278965992426103641
84300999977949725591
84308544274302861646
84389879850252439269
84422172896341278092
84448207045854979611
84456042052949392832
84513181149917775161
84515836062467354341
84535785752092921212
84570652208967251502
84585083152923505349
84610668244129885115
84616086523330144409
84617307983379897797
84647511417689239135
84651581562152276719
84702536884618962270
84705754486952956428
84706570982777274014
84717806341898425640
84739601481706662140
84744541379607194615
84782333882986867169
84795587952419853725
84796358141350002191
84798742407629732982
84850586312810196038
84855427529493118463
84861605894365453559
84862586935549321396
84899399427422086183
84912426872384393017
84917055515406409928
84931802540899076265
84938631059968947688
84942441659998901045
84943658024546401987
85001307456550979483
85070784609134675320
85092644419985772640
85210174116012397493
85217635058855293303
85226291150623999766
85251329108434544193
85270427442052523348
85273287451968513731
85282017032389902617
85292352842555188525
85293497407830123103
85299600927179262513
85304446237900215402
85330261802818762633
85331780580612040171
85337661632092283151
85348780856509250552
85356055155775651934
85375331252344955246
85402104519465898361
85428456121855957912
85435423457506404750
85438906231471648061
85445344886761569882
85484180948107896915
85496358145443474871
85540198208889935489
85590296827191704617
85607311610351779176
85609863493964954195
85612315142828539266
85666801077828673678
85685017000269657075
85694220630307075788
85697519568195214102
85699757116681605253
85718639796910405722
85796050289421459125
85836098497063624727
85854139912328491986
85854725123307970131
85857582078411255782
85858235339339669880
85929886800813370341
85958517606653536416
85959675429704160737
85960069559195157252
85983511551500173675
86018802977427546508
86045796620763271440
86049668784360461744
86062847197406075719
86120903999021520439
86121059895832621260
86144360788635897497
86175523363496528314
86177529627385954872
86212493146162044267
86234520517245953972
86348085141109873289
86369756632832412881
86427785172367994604
86438241429701403189
86479044657406619446
86481533368104712132
86484720311840775970
86511980589825836763
86565582728360960384
86581277473225118008
86585801916559200206
86601497634279578504
86629703493495589112
86665952463712958249
86679113167834068363
86696523875007306653
86721005698143609693
86724891079916809196
86730305591525669269
86754060457000226441
86797954504813120485
86818084000153249035
86919367269268086221
86932261883217119610
86961410695655057980
86986139096118631255
87004926057189106165
87013434550426439814
87025927250761672166
87090882474512596911
87103898117776121193
87115735060801769236
87147612189973978651
87199702357593159629
87233121872176359023
87297095854576784873
87302305832847241637
87319517777726503182
87321552056074087363
87332256127405735960
87371637514444211073
87398077525439154039
87460192907637883747
87599224684475016654
87613206585900158360
87633161793766558477
87646995731407132158
87669446952991452074
87693133053734897744
87696305654412659310
87815103983958382282
87817696789023874802
87924069421283266761
87938470282109582722
87983087812463514154
87985864974479188695
88016781684368751288
88083621892145849290
88141470979656865709
88193030598292233165
88231391133578534255
88260178976821037883
88273091986453616185
88275824067770614323
88276402743581119677
88302155042594204722
88329231137437077048
88331358970136441580
88361279859720515781
88407075437039460960
88489910037998072035
88517935965940340792
88581605692304419817
88586024847514336539
88621321782489400121
88624202600313780392
88626351133698963048
88657117711230815227
88678322749348682959
88726542198755203861
88741221223423352963
88775032405428630197
88882336761474462957
88900944780754147958
88960674352702122541
88965235755237566114
89043982619939954023
89053790483811775395
89059430734691294032
89061036562573659400
89075019909100928839
89087102212048179536
89126230996750095978
89135022686648891240
89163297294685088153
89178183017499003479
89184534881691431554
89209576401833958513
89225301053924008034
89307677733359967226
89331722548179406657
89336129929264965029
89361988194805741217
89388238899295515299
89410815276763634483
89426813408959257015
89464693972142760734
89489477040827474702
89502439460326558542
89545135457772749349
89567531171143365691
89597006678048496085
89605011219477591295
89625389454044204017
89665764353825494027
89701838465482446997
89708409226228560687
89766833108380381887
89767482588516393453
89772946479106742186
89774946680760271201
89783103139257336974
89793939552691575989
89809247685152323196
89841546670827156654
89850878242982640396
89873732459522885228
89875762108035153705
89926283379050573577
90003488665892197421
90037590855844515761
90044653716780478740
90072297257623808157
90080934898163365168
90088433131670653207
90129087680385906184
90129232193298977537
90146806597506576055
90162719654048743630
90247228806024399223
90248619440527750472
90269202997788094701
90282357738945980014
90330363682314253143
90333766497050911220
90349602713373574671
90360879707891904688
90362681459662486398
90377029528888262967
90380629028894756673
90398583384512579462
90408828380684121828
90412482626549895710
90466242968543013525
90480202842318500294
90543527665230656442
90549550803119640728
90552720652101388824
90568662444459420845
90585726000502674886
90634267798682707874
90678376402761838403
90744880476262884755
90751510880744039068
90786920572214034138
90837860476381205605
90846288112362402797
90855150029417177880
90874410094480470246
90890770554618815034
90950361925862543678
90971541013555047787
90992530356071497178
91010548692094656296
91054974261595227852
91106685106027797658
91112049140589691981
91129382866342262053
91135791779695814027
91171554598235773096
91183554143144259541
91201527608886785873
91226221312285670003
91255884870480138882
91301497564731652393
91303390976248707933
91370104311199683674
91375086649482783865
91377644017186324350
91415793514649949834
91418481771007427895
91433021825833006512
91434559147838796492
91444000233476029862
91465199218584337590
91470728690290400468
91483525860625565977
91490446840010531131
91497219905082261168
91551878757571036096
91572959368059884445
91581628395282027706
91586406597081403150
91590171181415487610
91656229734596368775
91666454430038346986
91692701172122626090
91716261480231566617
91717513310508392930
91718316150791537659
91741077758191161684
91801441586719345736
91813421899154081597
91848670114451336906
91870548781133886898
91886162444369401293
91903702277075792132
91917644001972758534
91919241520516138880
91924615187824518374
91956566321485141748
91958920717597992628
91975344974800226393
91989959463763633077
91998756160602269965
92021182301632352484
92056496213250900924
92076436719817546894
92094524012523175888
92114842859346753197
92122620427949432619
92149060624854504922
92164141613171084459
92178553623797909409
92180014779384003602
92189097459485982862
92207722022358436606
92210686150114937841
92317519913845266561
92331324182318050980
92341997027624052084
92359083718948116429
92403392681549221984
92414742723888991509
92524090693779161329
92532800561787352448
92543907262802207819
92564258508844151863
92644090440691798297
92689303213118493996
92732892707387487685
92737033755110999818
92765044200249103816
92788922425837413371
92801665675071220513
92804389586998290350
92848709005591951134
92916753376103335500
92920812020683410274
92986775859835036591
93003840257116155563
93005326895028168185
93010439082194897199
93030510379495865924
93033047992013747851
93043415517297567819
93043434988257838355
93085421963420807738
93126822840938395991
93129898786017330818
93217106879898777157
93218920971629130172
93233044644381141846
93315204650210202569
93379209472371559123
93386277139717348989
93419176245386204515
93427103478905811284
93463051857725256716
93464535088907759816
93468935075722890825
93477899465860554508
93496510076557751397
93560339474513071631
93568618479230999743
93586776185266347585
93630383907022639623
93636908441906615478
93638832998040580381
93648403599955422447
93712598155161003003
93713179208442878886
93740785592172859192
93745815933960716222
93764000611098153996
93844842308086287471
93868975393979997187
93906211033915333492
93937212507073024279
93943639199770550907
94003809205477674175
94017048657884913242
94021514386552756864
94042652475440764625
94058739162586781295
94062064398158050981
94077557108941502570
94084272863990217274
94089097557905059968
94097695201297960204
94118481080276221614
94137112666204101590
94163716435858286485
94181958531076418805
94238745395300847158
94276288809952544164
94290493823073183048
94311693187923085769
94314120296975358668
94327265862993810464
94353252771314711296
94385619464051155040
94387285394914588259
94401734274541990765
94402557330413576945
94438263612231638791
94471014895141417901
94489376270618871817
94516609524019411894
94556412191419219571
94573812655317188835
94619019762609312375
94625736759016318698
94662909991704013054
94698320154211193516
94709145813552090619
94741916115748072264
94758162770329625627
94793657781410578355
94797049090882467760
94810760034344828313
94829188976235541136
94840038600481430560
94850270750306321481
94881157623685114327
94924823331913003652
94938031038961025899
94939016826568490284
94939496950786363732
94968203063760880028
94981575413232102164
95060763090551928414
95071679290049742241
95074901149747190975
95079363918690392750
95081213822686764995
95117328242689491981
95232506656000823287
95257712623234536249
95267100886708854015
95276617006742717594
95365891977943690259
95381393627910108614
95383510908262825448
95469835071915025449
95478828561846958914
95489270227011963519
95495492758678471567
95520114410117472105
95536893825654994982
95583985852686149741
95621275011528570852
95627478792898049441
95645076094692025964
95674796395092661304
95698548363480676096
95718906410292736312
95732570660832723698
95738284946316446605
95741521077103974234
95742875076676855917
95774245560667929195
95781081674357749294
95811281422529877769
95826955493560369500
95880862120402827776
95919412360490700392
95945243787833453109
95945552093579914506
95976931670239282261
95978103947913007976
95988096204126034475
95997156450354578467
96048666710730845608
96049398367143283192
96087341829459476093
96101411281885792399
96139980211298094643
96158890821400349127
96210621502448536235
96222314117028963147
96227899262014826347
96266083537463685951
96299510240715610428
96301880819799103756
96334708667366660866
96378577842532003182
96388606198734748677
96401189295996062796
96425021616316344771
96443486608504902489
96458499509906327401
96460826746302450522
96461410484198360067
96470221577630858499
96477024539546060559
96487401723147763893
96498169696984440289
96507416839251042406
96522071542382450872
96522413652046409006
96559199294815486001
96599397359823947336
96670799434770414675
96683829661750425243
96758289425422926800
96786696190211990375
96799773489202637724
96802014119947865181
96874765923874208500
96889495580336161399
96892011539525750987
96918050003860714458
96941276057050445536
96985373183479872639
97005865908588392187
97020039257269486428
97029024612885160522
97039112775536549774
97043771169814769788
97043959622822104709
97047239625314536113
97061263744008115022
97073279207459842807
97100878660004490644
97106419938633134068
97108404098018117757
97113323929551339785
97118453350227072628
97160669277554235612
97160991069951602890
97163474275431595438
97166024347670906646
97167331141182515451
97171734622875937814
97195637162140103477
97203424848792297570
97252963255451141555
97272063920295415035
97292381150990630546
97369899716847548779
97408503786938135232
97422179254854382444
97425412825500852104
97429246034667464808
97434935775164587300
97468004184162747970
97484955972620605097
97515519793306798375
97545639180565584263
97546096381200490000
97555675306349157626
97579255479901470801
97654189739307070273
97674946752136180241
97676863103569048185
97682597781240341304
97745795650705848822
97749859282884134032
97751513092009479523
97768993668850305847
97774950114666400788
97776716563497866250
97806147210977423900
97814623335157283401
97815221979466733128
97843258448648451982
97845483425363501906
97905302101966263854
97937722633912890387
97955360403939288708
97975438047715048810
98008725962696197772
98021901013013223306
98038737776089051574
98043407722153885113
98079638393281275970
98119235363154292881
98149814866778720972
98157332189061882312
98165102408361230039
98202095244463051860
98225652754992149227
98262340018900111722
98266961498693618024
98294285609779320564
98315394265488685589
98321879883232233659
98338962725290819399
98358941511010871785
98379254427816069131
98400345241249788029
98405342845584627827
98417683731554609650
98425021656601449693
98438103465782158717
98439772145877652494
98444747637467517344
98454632585923290978
98472389497921227297
98564394217909709631
98591320086327781124
98596528090652321046
98607798191596765182
98623590752282159851
98638420191701073091
98644780613187006924
98655668467300700680
98679141460366323505
98682615263949033217
98690264520370169670
98719650125894754995
98728032276155422076
98729030899149426637
98745221337501618013
98756317695606291496
98761968306325700383
98767633962602201476
98794977498401393801
98833453030347243302
98884248523917492876
98888823949581962636
98901966609506130620
98902232449616901060
98922407455933024571
98981702543407476817
99021593065552428564
99077849261333040215
99096290731874715339
99098788364888604057
99117563608133229229
99159077657768316820
99162714052444402858
99170071511984931875
99183481268714544147
99186092125288763567
99204066088535298976
99221060874889226178
99230730004190379688
99235031957838362176
99240681825214750497
99241839026822300924
99262008679017762601
99280447694032185659
99283464694798718563
99291369961003176453
99297942763535111752
99318031740615489812
99341686018198318924
99343331236142367096
99353259763959551758
99374518610104803842
99380689545228101662
99399677252194410575
99412004531804745358
99419118596488310945
99430371409116835288
99475715713391513269
99531215087995764437
99546757068411251541
99560032113274884934
99574887054031312727
99580363674246723105
99625638379662722862
99638287152660299352
99641479918861603418
99656182500470403905
99694672380016418426
99729226667999789805
99735369519671770441
99762595784568697469
99797942018800237541
99802309866199455357
99822790677463081606
99890342822912724820
99907929926914402392
99952414782170977468
99991637748962637018
