10002698856162728624
10047397841666780491
10458754337640074213
10508319291551451226
10593663432759697816
10633600791589479312
10668132240034700602
11022246827880912662
11034905695606564737
11139750944418872518
11227194985829305863
11265329737174334148
11266543964939838108
11377935985497537918
11480564111088965096
11663199731201571426
11757035854235670967
11979574770903154169
12251813339425191284
12275996758121412297
12401889016775842945
12637691765874301093
12642375971771092502
12739390941844321101
12823110403894939571
12842254809332064457
13057802923509866772
13331090177605181967
13458303466741910317
13545893766534004109
13591436645972139290
13690019183385843036
14016282492744340665
14039853560435790487
14156286667171742005
14283167910587575371
14299669375465663162
14369401802912793058
14377658297691846680
14495871403136554802
14565373226513543869
14650370425078844854
14770192779131081165
14835275494018173236
14861142635520916390
15206342766294415320
15244016911321318483
15260035338034797582
15332314508855412647
15446701152928077404
15492793648781497912
15627536059007805228
15639899365889076226
15680489916476691645
15760255433312852082
15854880482565336665
16076964096855817115
16144300476887338094
16194361098722354798
16261458523069506402
16280558392909174044
16395440309237325606
16522523452480626572
16527789157442610812
16762805353526957096
16869432910897030082
16901526262509694952
17095021101451614170
17142342437131883153
17288663606614381443
17305751536982448963
17306620155642331973
17309225610508893466
17525192572806883658
17691092753482389459
17706294705218082984
17708241950096926782
17775198530941871687
17945706315974919054
17947383102979522997
17947836317262282111
18353557298049761796
18446697333719233999
18521489951500236844
18701166595212521571
18861013023637597141
19173467722423252258
19414469637642894517
19445981750452466106
19581557700659664333
19683746452177077051
19687784060179644391
19765783481968989877
19799976530189315849
19814306304868427908
19990170139306112287
20514809211085859912
20597668525378038952
20644977063248838464
20753661806770084405
20762462305546360498
20842468659197458567
20863497513241987177
21041222025777230599
21114304326021535370
21227846341333976824
21315352415830881947
21349428125200959140
21486937907751412098
21553720558031044066
21705607246232140771
21749705782788732946
21779748313375205957
21788243223524360175
21805554473082027097
21896513202427327279
21994775806125949800
22025352052751165025
22158047509751635747
22179074298454175464
22266152993105898091
22639598910656833892
22657015945226265101
22678751077358718867
22870512349359888834
22937795291655671673
23286411399397742088
23375208735488734810
23524448884411956719
23665645795027995665
23672415191585901644
23702833490768770763
23784447197870224697
23989139774920049829
24304730359456546900
24348393497179507857
24595833359131866459
24835684194364602431
25009881197097146640
25013825112884499526
25135298560673037168
25207562675635756009
25279358844388188762
25422230945952495796
25461334419908364947
25501741280182261830
25681753076137130825
25796895760676295934
25893621984044979538
26202367565461258341
26279581797388597409
26314566223004640195
26339095867722194107
26491855849358945462
26504331688497825275
26554702942638461115
26609301911936647088
26630380919010640823
26640098411905342961
26702257326361505154
26732775491851063726
26918611839199767800
26972637364967601035
26980902021428008159
27162837398898028868
27206897900212174418
27272257717981838348
27275830837310766705
27319078194369956706
27387418857301567124
27390987667399594665
27402187850768492969
27672526414839523480
27842240978601667050
27927462991428806460
27927956515235367589
27994356697367269701
28191332647116536276
28257529163555803232
28302293964289895941
28379675302760483079
28401277341276952426
28412999533574934786
28584682763640934231
28635667410565526904
29026555823886802194
29028965621158593797
29275965239850329547
29329597754926772328
29333929931768786714
29945358604656497312
30088731539926232702
30284061450587034267
30314938936900617836
30463864586600608036
30555174695059268026
30741280356170319535
30783289058732955674
30895357033507484250
31049264752271549643
31105044536886549171
31199805872597186727
31212753792656453244
31395938032499807993
31402505343978088835
31442655584090232063
31604575386214762912
31771022457050197166
32006674073043625283
32017599817699690645
32290040370666939875
32295403739419175416
32342786261518898520
32388314922100353348
32936793761946656459
32989868462997496645
33042966737346827254
33058187029634878711
33069810855235765866
33160650558041033823
33170597316429919551
33195439531750330819
33371986738595056192
33380316464924317761
33438984103849360479
33507431663697916620
33655853003930848261
33832901978260754843
33944485887737479484
33978013392487639140
34124581668149174489
34192099600169793149
34306782443567755128
34410561111179000973
34701476145370627958
34830733476307329667
34912355571212754301
34916114198178782365
35197461196692209429
35464809481797703050
35468503308909805557
35628944342404760147
35780848355745498756
36067202840003544089
36113191265108174548
36124971448186137989
36388849038284087579
36569283755067289641
36628916379131412377
36641846751925463767
36743204506956777408
36774097489467136171
36863573868193530958
37047218437409387568
37067215035465091317
37504699270971803584
37556250912903283785
37671276178497941249
37676868061687897782
37996265319156179382
38101333319920716604
38166263510807395026
38241464116318698028
38506153324934631998
38654561411058167177
38761186170094044926
38802209316186483820
38821047772156057988
38859157270845853198
38981820657633369538
39056204965315473161
39098035504279806487
39108087937728736906
39205958071328823733
39313885012737816587
39410182895785987353
39423151863930245250
39472954145858737622
39552676049779685658
39889918735312728775
39990690548232732125
40104045894572317928
40153824265967416814
40258918085672441280
40275496719708139380
40399702277648779102
40433335159039323326
40478765027371267400
40482137996813619675
40650755228680622563
40734292666587900301
40747052848127291763
40883502407586303001
40907271081062585749
41158242535957669849
41178834063147404492
41221394816842421016
41539043785593934093
41559422518926584492
41634610030339852593
41757845365076928339
41831148880643514374
41910044618587854353
41978694749916168589
42065851027372807975
42335511683481966406
42555280264421833969
42729473306890410494
42997364471245296064
43035050696572742904
43048031321695391712
43167037632612235592
43227906327100097028
43357375836655787007
43397979429979891474
43471241075325379139
43574366139972569222
43627214461217006362
43650970017573864485
43766400403655163891
43844260034589879920
43851227043701384579
44005251982983265741
44085790678958986537
44226829892900654289
44256960124274433873
44269054803192045196
44418584972484594061
44613985388483192598
44733345331307253709
44984194432408707045
44995973860114138236
45065502894187930751
45076683594547498467
45101979327409047925
45105524447116997926
45432552545950079584
45527765246070912275
45559321225454668574
45595106986504108974
45643736355522002401
45961105634426844504
45977341956847314879
46249009757564018732
46272447384400544869
46308373774744816657
46392839398165452567
46617468668788089090
46654704588304510607
46790075000483786854
46834729606301314164
46928042743874703467
47019977048277552360
47028982930183391788
47050156918367097559
47057860030351090373
47076826207630924803
47322774737626043868
47332943417725448755
47350061727765231978
47429871627811409481
47446098480550680016
47471539563974865615
47517904007399611808
47580195165939962511
47591114661988869553
47657921069128718691
47905390587376704952
47985590130578939018
48130458823540560499
48138395710983814347
48236211418809525754
48280504568211410681
48403524075550962959
48621650452612949318
48683287059437750872
48983659151646077608
49036538013403277414
49441820750929158483
49511977182178960344
49600629870813207069
49616765736547027218
49657287968123922085
49706547705748849719
49735857477012215601
49758300548721794835
50018697712008419089
50050561719686572726
50296542768530670884
50579198181158721827
50638310954590107758
50723456965607946406
51220003250658493349
51228069576573444287
51232196317524667193
51248883701651612396
51352347421461541934
51472682151949893857
51613150984281063872
51618283576608455746
51728943768519032743
51771719757047948371
51910544808252676568
51943908407247838094
51986852224050657576
52022743438374549537
52128662360487901489
52276720148257521623
52299306355173073065
52326633051354058304
52463556945122058949
52568585807945809093
52584077892311376707
52759347621899141493
52829657900341221310
52901262725845481321
52964855705688441273
52985002192968592169
53153956456990017213
53264578966675629950
53378513743849945876
53402075161946936369
53496082483957192763
53500411785620941095
53518783807002237905
53550152139256668189
53706688625030512729
53719993908353185394
53770800308403789281
53973369494102332305
54111745189008921434
54146208236394715408
54315438953937729286
54365184616797604779
54411902969687197928
54420303044683129834
54541534330019277208
54560544328180352059
54587012493115679818
54674159419689744040
54703666251938297702
54790834950739479007
54806610900849852288
54873371875940723144
54898621139650436366
54908583277721931759
54911385607084265984
54948411784358689463
54959416926100104759
55217839592395420647
55261536250111207559
55393072787766765165
55411837681169344734
55421247452311801935
55456267695958595714
55600326269756944825
55724188052179819612
55750755513855676285
55750925812648538195
55952447445291400757
56208181960318263214
56234917708117127456
56485167312463907366
56543660568952958311
56569394127693648009
56887772835862068804
56977340356197143592
57012588244622736277
57138619838190030747
57200196711644202634
57244074464976129823
57260279062856987635
57347001367190818127
57516070686057309783
57526660241143146250
57534501105349442564
57675611460918128754
57744174626951413268
57777824439043402258
57949647422291054602
57984643932334540965
58393038310219193341
58507067392555285485
58508654146878501973
58511879277113416850
58545800370591940033
58618806407917509016
58752343893977020442
58828760713950349791
58916662353147044113
58987108423104727013
59011825443230324084
59020626363790553869
59088148745854668332
59140991298507359420
59160837389740942338
59196067242584841879
59324018448454754827
59346198638279129282
59505829880944228963
59706641280388146049
59770406755387530697
59823483883785855600
59950081810051225840
60075865007486511869
60179625228817417137
60198421218268378774
60368667392032753261
60479217120740048513
60582469167363566673
60822059422427143925
60862046492813626829
60886846744948798263
61086554206938924936
61176021050665391366
61214798151910176637
61499659817578008571
61637308158378255750
61687347259357004391
61716534349173264451
61863015868281975635
61920305375428211118
62018205395097831105
62088661158889464730
62097901002761699494
62186095374174389016
62256934294964912090
62303162299216138331
62393867129845254648
62399184216430253726
62405168253019210092
62415052692735143598
62418228106347869661
62476987719106170259
62540990193392907107
62543614075161837138
62549406539391897193
62892737194708824623
62953136517174395853
63256527208020424109
63265570046979133153
63285022486782281660
63295426944280893189
63300241227505158750
63337318701856317999
63678841384911070436
63709107257481650537
63805562847429806770
64055947879577382277
64091151567782324494
64156631620071024533
64168559532117379760
64182671016368296134
64279875306537697591
64423081338276547899
64466566043118458033
64617545033225158555
64624779563596590364
64724126108049748014
64771452947102036326
64775787012900838558
64864775815592277595
64997787174401690704
65000874665372739243
65084169462016472008
65119313539167710270
65427045560400195263
65452698663158504693
65477055319561721137
65594149193748027630
65731173083346804999
65795409838367723106
65902480727648442069
66061199037651954356
66086485036495144299
66363162643870522644
66593660292232789985
66813764324544485952
66926231048918030106
66930546778598541762
66931555502479446778
66992574924040282003
67040622489090294257
67157980568103847612
67198324505270968445
67786872684386579567
67979338079693463460
68030009674578961496
68060750657212693978
68102509519242758957
68148638141717728434
68586600623648744885
68638078077830072478
68641165181744413347
68950098148912816114
68988167970586724853
69046647996419995767
69180704981267460452
69334961402102671639
69725404358076019570
69737798769573529607
69831133384282014129
69997055102010289055
70171539632453248042
70316855922828514681
70395201977415144029
70406248088536266322
70454672320386645264
70483208409472079363
70610898264623812116
70612312738537997573
70636201157627082038
70672826392047047333
70674778166066897740
70820096242785329375
70830960076691991239
70983615077338825432
71034073020051134829
71166600584404128020
71396056233350983667
71503439566394835321
71505275673403257192
71546224999194158041
71631660175372471196
71643924353561130386
71734335866681609657
71734739409744773927
71769341301383999157
71777946529486784438
71791298521424557778
72101148413132517726
72107097423201802580
72142271744006439491
72213435678515364558
72575040437053641478
72631225808219056959
72643606542621748834
72697271082111815724
72712227508925451559
72870459488142906611
72896645951295032935
72905691916524602530
72911596301048621532
72993973810043969295
73043603112311590138
73222334234511800001
73299533053098461658
73437117500219808240
73491298203791788188
73669687787230428474
73733152017148364567
73752555355609828633
73766475723814356163
73980261545799286978
74039281891272656321
74068110779471894405
74109377065024240536
74148147418910973405
74197058014782091268
74382532710063175265
74432008318114978468
74606863779150808622
74770809316689947675
74807065406632561022
75067192514954910599
75217280315845679868
75468685530915849397
75590561627963403148
76021090764064421619
76132074934763787958
76179519831316227557
76458461445291923160
76629375562430080276
76633932963324833915
76882090706856862675
76971038301969613595
76990019015303602928
77108634345912909156
77120676895443642603
77125689053491076489
77250156990806408366
77526303542817323714
77681277010180048308
77697699960953645397
77699102469254390887
77739817850724188822
77940828493377834212
77944188900901588680
77995345978270612763
78097791136229828846
78134035108048918647
78289421333579541685
78351557783754664420
78403666827275335164
78413916219235209796
78415578334257151154
78468764560816840655
78519882185728013595
78728770599790712439
78793306359280105780
78840119137843927336
78938989293293418922
78940106429855936792
78977032277329862060
79004767808538181678
79011157950056037071
79158778419533085505
79233876234900495469
79334072472297813010
79625108516200853260
79639735844542028634
79900163736074616003
79926579005411409647
79988504901873904131
80025992427179046660
80044275599869111658
80083869481931337476
80231752533843496818
80518109496300225341
80532786840297501657
80603458258611353292
80658524820784531760
81121638615589885596
81213123603075013364
81217699479879467487
81256126915116343269
81573776931740407674
81681164135991635896
81796298894727288199
81943069338285412233
82042348659889880708
82055630463145633286
82196510148470218830
82279386038149063152
82436090337975570622
82438356968449927149
82523354039202831305
82821846385290709979
82903991147893430681
82962985116313212133
83141530556354879902
83183922889468331308
83265337119974813214
83499865868415056811
83575745328924870981
83647903899673884947
83684314566189902763
83732861270717162908
83747894757860265421
83762390030019777280
83942766280563752281
83994622141008767876
84244213401919002714
84299696130484948631
84630249517696333110
84687439158220402180
84852349256229709476
85028915339684470935
85254434646250813306
85276381161943075903
85318195744067315352
85437930879448005377
85503819408781844632
85621336647658920090
85645716208250911338
85774185774366494214
85828544053246785571
85837931512082543245
85880072101742182810
86014142140650257608
86014667373645336245
86050596034273745327
86094921803462017111
86243251591050468177
86249953608984249728
86281055603811536434
86372862101622226100
86404626429091678586
86422975289286292931
86541116919832577832
86612973072871800097
86615867785260573787
86684365811626028689
86779353078481370324
86846740231623570108
87002097094463786862
87162932053782458596
87300786083727057132
87456191906707719864
87587166827924428013
87604801535044829962
87942316119997438915
88104674495287684452
88331630101279911859
88636240751956873971
88901453377790823272
89040510379443910035
89244672559421340613
89252614256065297175
89265896163986976231
89277692241611341620
89302722900303109681
89313836951106164574
89321482881020492934
89392923781394235372
89452896176672876018
89586023579285055275
89704080173413100086
89723299808260675046
89751356230305994655
89848556408332698385
89873787352452448207
89875619505008514567
89903911430986888114
89925275626687532383
90138687151142249718
90243166479543672056
90246856145977476136
90296452333057619022
90339502799637183258
90350432730082083787
90551263727232982109
90643055044270716281
90669406540801126696
90722460957843449979
90866203361091389825
90979926411273781309
91027287644301619686
91060943986663249820
91359396634283232746
91894892544727729021
91994055161758789542
92009299275566372277
92325263017341323876
92384250606538042967
92536189327753201642
92616467643841588630
92972025714284579476
93000239408165765382
93085982145634739079
93231480366910134007
93293610657953598828
93527331289389327965
93584658227097112601
93651906716826486475
93786266221844538969
94002957834678500436
94021629005103246399
94121848775667658044
94232571135269763305
94247681165520517993
94679490599329046204
94710116258251882613
94799840794389353494
94816312963523411907
94869469580585933733
94902630224882556139
94933326785763762583
95113803237976559200
95405561613130306491
95428151496162331800
95438167182213400457
95518239725756866957
95829534529966385404
95895266357126130255
96155499754471874936
96199868127782468593
96269123553249810339
96436234211758336069
96440338927653999771
96635096296224210098
96644433007039697153
96703201465643862216
96714506517362179329
96870514431545220565
96878065029014642472
97183818006467273441
97299655572002639292
97545769522714618513
97948296190285916648
97990161636388163861
98171944249537161395
98418134096163501371
98628894526946129513
98659181972448703286
98803944582826503940
98807155488338532314
98876731468405342263
98887381585970953156
99071542982054349173
99127719257602626259
99138884122934494649
99224878356499528780
99288860981174463991
99422168880893070139
99470017989996258077
99630390700785681590
99665474977916123022
99668001238521270864
99727268532765092987
99802280878478644021
99829742458025018821
99915466925560886660
99963457267536924799
